25°C
17.961188,
24.500613,
26.267830,
29.974002,
35.926353,
39.034769,
44.513621,
45.514461

200°C
17.940010,
24.470724,
26.242354,
29.938225,
35.884507,
38.988807,
44.458832,
45.458367

400°C
17.911220,
24.433947,
26.201850,
29.895184,
35.831000,
38.928253,
44.393175,
45.392588

600°C
17.885141,
24.396513,
26.163888,
29.849957,
35.777604,
38.866874,
44.328246,
45.328577

800°C
17.858420,
24.359447,
26.122552,
29.803412,
35.721708,
38.806435,
44.261767,
45.259799

600°C cool
17.883794,
24.396223,
26.162498,
29.850470,
35.776536,
38.866379,
44.332481,
45.327035

400°C cool
17.910621,
24.434065,
26.201126,
29.893907,
35.831938,
38.928627,
44.395303,
45.392108

200°C cool
17.937944,
24.470245,
26.239514,
29.938474,
35.886943,
38.988240,
44.459118,
45.461021

30°C cool
17.959886,
24.497447,
26.268024,
29.970841,
35.922285,
39.032558,
44.507226,
45.509875