0.022816 0.000000
0.068447 0.000000
0.114078 0.000000
0.159709 0.000000
0.205340 0.000000
0.250971 0.000000
0.296602 0.000000
0.342234 0.000000
0.387865 0.000000
0.433496 0.000000
0.479127 0.000000
0.524758 0.000000
0.570389 0.000000
0.616020 0.000000
0.661652 0.000000
0.707283 0.000000
0.752914 0.000000
0.798545 0.000000
0.844176 0.000000
0.889807 0.000000
0.935438 0.000000
0.981070 0.000000
1.026701 0.000000
1.072332 0.000000
1.117963 0.000000
1.163594 0.000000
1.209225 0.000000
1.254856 0.000000
1.300488 0.000000
1.346119 0.000000
1.391750 0.000000
1.437381 0.000000
1.483012 0.000000
1.528643 0.000000
1.574274 0.000000
1.619906 0.000000
1.665537 0.000000
1.711168 0.000000
1.756799 0.000000
1.802430 0.000000
1.848061 0.000000
1.893692 0.000000
1.939324 0.000000
1.984955 0.000000
2.030586 0.000000
2.076217 0.000000
2.121848 0.000000
2.167479 0.000000
2.213111 0.000000
2.258742 0.000000
2.304373 0.000000
2.350004 0.000000
2.395635 0.000000
2.441266 0.000000
2.486897 0.000000
2.532529 0.000000
2.578160 0.000000
2.623791 0.000000
2.669422 0.000000
2.715053 0.004956
2.760684 0.013770
2.806315 0.036237
2.851947 0.062494
2.897578 0.113307
2.943209 0.152032
2.988840 0.179859
3.034471 0.162367
3.080102 0.258140
3.125733 0.369293
3.171365 0.458576
3.216996 0.555308
3.262627 0.605928
3.308258 0.610397
3.353889 0.684194
3.399520 0.716969
3.445151 0.692293
3.490783 0.702058
3.536414 0.836238
3.582045 0.945396
3.627676 0.964983
3.673307 1.049060
3.718938 1.065732
3.764569 1.039385
3.810201 1.103447
3.855832 1.063111
3.901463 1.135729
3.947094 1.102908
3.992725 1.011593
4.038356 1.024661
4.083987 1.145760
4.129619 1.123381
4.175250 1.071387
4.220881 1.039390
4.266512 1.079418
4.312143 1.142123
4.357774 1.082205
4.403405 0.961072
4.449037 0.866279
4.494668 0.878236
4.540299 0.909645
4.585930 0.964120
4.631561 0.907163
4.677192 0.815756
4.722823 0.837110
4.768455 0.853423
4.814086 0.852856
4.859717 0.810846
4.905348 0.696788
4.950979 0.665378
4.996610 0.648084
5.042241 0.697107
5.087873 0.707476
5.133504 0.661426
5.179135 0.665908
5.224766 0.639982
5.270397 0.586455
5.316028 0.620152
5.361659 0.601479
5.407291 0.596652
5.452922 0.601166
5.498553 0.564026
5.544184 0.552927
5.589815 0.582723
5.635446 0.570257
5.681077 0.547583
5.726709 0.518763
5.772340 0.489939
5.817971 0.494413
5.863602 0.525927
5.909233 0.518221
5.954864 0.413695
6.000496 0.366020
6.046127 0.342477
6.091758 0.340899
6.137389 0.377827
6.183020 0.412158
6.228651 0.388073
6.274282 0.358682
6.319914 0.408686
6.365545 0.470964
6.411176 0.440056
6.456807 0.426335
6.502438 0.441284
6.548069 0.404593
6.593700 0.354137
6.639332 0.314750
6.684963 0.359004
6.730594 0.339052
6.776225 0.288868
6.821856 0.333276
6.867487 0.389430
6.913118 0.443047
6.958750 0.408335
7.004381 0.392698
7.050012 0.361582
7.095643 0.350141
7.141274 0.337897
7.186905 0.377238
7.232536 0.386277
7.278168 0.411203
7.323799 0.633664
7.369430 1.010171
7.415061 0.937141
7.460692 0.500625
7.506323 0.346078
7.551954 0.369438
7.597586 0.348059
7.643217 0.318707
7.688848 0.320659
7.734479 0.362906
7.780110 0.337580
7.825741 0.326681
7.871372 0.347792
7.917004 0.313491
7.962635 0.276419
8.008266 0.293560
8.053897 0.295617
8.099528 0.266132
8.145159 0.234437
8.190790 0.275808
8.236422 0.312518
8.282053 0.297626
8.327684 0.267762
8.373315 0.240940
8.418946 0.253414
8.464577 0.275503
8.510208 0.251812
8.555840 0.252129
8.601471 0.269101
8.647102 0.253606
8.692733 0.272488
8.738364 0.285750
8.783995 0.288297
8.829626 0.273577
8.875258 0.267468
8.920889 0.265249
8.966520 0.242604
9.012151 0.259307
9.057782 0.281706
9.103413 0.274207
9.149044 0.239489
9.194676 0.221299
9.240307 0.234210
9.285938 0.248816
9.331569 0.239328
9.377200 0.210974
9.422831 0.224135
9.468462 0.222986
9.514094 0.209446
9.559725 0.207180
9.605356 0.216939
9.650987 0.233592
9.696618 0.246710
9.742249 0.226407
9.787880 0.213154
9.833512 0.243225
9.879143 0.248682
9.924774 0.242677
9.970405 0.210679
10.016036 0.246984
10.061667 0.295431
10.107299 0.272649
10.152930 0.249248
10.198561 0.274320
10.244192 0.261861
10.289823 0.241726
10.335454 0.242454
10.381085 0.252073
10.426717 0.242232
10.472348 0.272092
10.517979 0.246165
10.563610 0.224999
10.609241 0.274027
10.654872 0.292577
10.700503 0.283871
10.746135 0.255870
10.791766 0.255559
10.837397 0.240680
10.883028 0.238837
10.928659 0.295126
10.974290 0.317442
11.019921 0.304007
11.065553 0.263415
11.111184 0.279931
11.156815 0.288170
11.202446 0.310609
11.248077 0.339496
11.293708 0.334399
11.339339 0.337014
11.384971 0.334324
11.430602 0.288095
11.476233 0.290151
11.521864 0.353061
11.567495 0.365198
11.613126 0.342320
11.658757 0.334654
11.704389 0.355397
11.750020 0.379557
11.795651 0.378859
11.841282 0.397619
11.886913 0.438291
11.932544 0.456534
11.978175 0.464709
12.023807 0.488378
12.069438 0.489707
12.115069 0.514684
12.160700 0.513555
12.206331 0.530042
12.251962 0.544181
12.297593 0.553160
12.343225 0.561296
12.388856 0.560319
12.434487 0.632611
12.480118 0.703102
12.525749 0.707210
12.571380 0.683494
12.617011 0.714986
12.662643 0.772920
12.708274 0.832305
12.753905 0.934636
12.799536 1.046107
12.845167 1.020235
12.890798 0.981688
12.936429 0.972958
12.982061 0.984761
13.027692 1.106768
13.073323 1.109087
13.118954 1.102212
13.164585 1.179519
13.210216 1.285250
13.255847 1.330933
13.301479 1.364088
13.347110 1.481946
13.392741 1.586773
13.438372 1.669826
13.484003 1.653045
13.529634 1.647778
13.575265 1.666662
13.620897 1.665978
13.666528 1.745738
13.712159 1.802202
13.757790 1.852793
13.803421 1.932593
13.849052 2.005056
13.894683 2.023103
13.940315 2.085044
13.985946 2.225045
14.031577 2.220034
14.077208 2.229553
14.122839 2.238265
14.168470 2.294473
14.214102 2.364670
14.259733 2.434476
14.305364 2.478795
14.350995 2.573453
14.396626 2.643886
14.442257 2.579285
14.487888 2.568409
14.533520 2.646424
14.579151 2.651930
14.624782 2.696851
14.670413 2.681522
14.716044 2.696245
14.761675 2.764203
14.807306 2.841364
14.852938 2.824871
14.898569 2.789387
14.944200 2.855032
14.989831 2.912062
15.035462 2.804270
15.081093 2.710424
15.126724 2.654598
15.172356 2.651682
15.217987 2.760771
15.263618 2.846772
15.309249 2.936447
15.354880 3.132416
15.400511 2.994515
15.446142 2.797429
15.491774 2.718954
15.537405 2.637791
15.583036 2.537718
15.628667 2.447666
15.674298 2.371077
15.719929 2.256522
15.765560 2.151351
15.811192 2.068946
15.856823 2.038039
15.902454 2.010079
15.948085 1.986969
15.993716 1.969087
16.039347 1.879133
16.084978 1.812863
16.130610 1.761905
16.176241 1.674492
16.221872 1.548901
16.267503 1.507783
16.313134 1.515932
16.358765 1.428275
16.404396 1.377411
16.450028 1.362507
16.495659 1.333191
16.541290 1.289426
16.586921 1.282637
16.632552 1.250796
16.678183 1.203131
16.723814 1.084239
16.769446 1.000697
16.815077 0.965797
16.860708 0.920159
16.906339 0.937708
16.951970 0.936241
16.997601 0.887899
17.043232 0.855756
17.088864 0.786213
17.134495 0.740891
17.180126 0.725664
17.225757 0.645109
17.271388 0.665512
17.317019 0.688181
17.362650 0.601548
17.408282 0.571179
17.453913 0.585699
17.499544 0.565090
17.545175 0.550208
17.590806 0.513343
17.636437 0.518733
17.682068 0.511983
17.727700 0.564388
17.773331 0.895348
17.818962 2.206699
17.864593 7.099530
17.910224 17.663698
17.955855 19.267458
18.001487 9.283172
18.047118 2.817166
18.092749 0.906406
18.138380 0.468219
18.184011 0.378155
18.229642 0.308137
18.275273 0.254224
18.320905 0.248479
18.366536 0.259526
18.412167 0.267308
18.457798 0.268052
18.503429 0.264693
18.549060 0.298736
18.594691 0.308178
18.640323 0.289390
18.685954 0.208993
18.731585 0.151710
18.777216 0.148894
18.822847 0.153921
18.868478 0.148943
18.914109 0.151621
18.959741 0.140813
19.005372 0.143884
19.051003 0.126518
19.096634 0.120059
19.142265 0.145466
19.187896 0.151669
19.233527 0.130512
19.279159 0.114420
19.324790 0.122637
19.370421 0.137505
19.416052 0.131289
19.461683 0.145011
19.507314 0.157101
19.552945 0.148587
19.598577 0.136343
19.644208 0.117115
19.689839 0.110439
19.735470 0.095922
19.781101 0.091475
19.826732 0.089343
19.872363 0.095425
19.917995 0.111765
19.963626 0.147799
20.009257 0.144311
20.054888 0.098560
20.100519 0.082230
20.146150 0.074525
20.191781 0.068914
20.237413 0.071674
20.283044 0.057749
20.328675 0.050006
20.374306 0.058038
20.419937 0.047405
20.465568 0.048109
20.511199 0.057013
20.556831 0.063636
20.602462 0.069959
20.648093 0.077493
20.693724 0.099334
20.739355 0.087940
20.784986 0.066534
20.830617 0.056245
20.876249 0.051801
20.921880 0.035416
20.967511 0.034768
21.013142 0.040246
21.058773 0.040716
21.104404 0.039415
21.150035 0.033106
21.195667 0.028485
21.241298 0.032756
21.286929 0.031133
21.332560 0.036888
21.378191 0.038764
21.423822 0.029317
21.469453 0.028282
21.515085 0.032111
21.560716 0.034072
21.606347 0.037742
21.651978 0.037685
21.697609 0.027820
21.743240 0.032027
21.788871 0.034520
21.834503 0.035206
21.880134 0.036319
21.925765 0.036555
21.971396 0.035596
22.017027 0.027285
22.062658 0.028975
22.108290 0.031384
22.153921 0.026173
22.199552 0.022362
22.245183 0.026454
22.290814 0.027770
22.336445 0.027227
22.382076 0.023244
22.427708 0.023471
22.473339 0.025206
22.518970 0.024848
22.564601 0.025582
22.610232 0.026821
22.655863 0.025921
22.701494 0.030271
22.747126 0.028890
22.792757 0.017815
22.838388 0.009864
22.884019 0.017518
22.929650 0.018371
22.975281 0.017381
23.020912 0.018863
23.066544 0.017401
23.112175 0.015878
23.157806 0.021661
23.203437 0.021478
23.249068 0.021011
23.294699 0.020773
23.340330 0.019159
23.385962 0.015417
23.431593 0.011154
23.477224 0.020754
23.522855 0.022883
23.568486 0.024985
23.614117 0.022278
23.659748 0.017589
23.705380 0.022063
23.751011 0.025520
23.796642 0.016901
23.842273 0.013518
23.887904 0.014222
23.933535 0.013687
23.979166 0.013351
24.024798 0.014491
24.070429 0.019694
24.116060 0.022415
24.161691 0.024989
24.207322 0.053305
24.252953 0.176753
24.298584 0.682363
24.344216 2.947638
24.389847 11.780627
24.435478 34.837471
24.481109 43.613678
24.526740 23.012674
24.572371 6.256899
24.618002 1.393802
24.663634 0.338612
24.709265 0.084004
24.754896 0.026016
24.800527 0.023190
24.846158 0.017873
24.891789 0.017290
24.937420 0.015810
24.983052 0.012476
25.028683 0.020467
25.074314 0.020240
25.119945 0.018720
25.165576 0.011170
25.211207 0.011286
25.256838 0.011451
25.302470 0.007562
25.348101 0.009010
25.393732 0.016457
25.439363 0.031502
25.484994 0.079796
25.530625 0.267829
25.576256 0.726055
25.621888 1.095759
25.667519 0.659687
25.713150 0.202717
25.758781 0.061626
25.804412 0.021190
25.850043 0.011579
25.895675 0.010464
25.941306 0.022847
25.986937 0.051040
26.032568 0.103159
26.078199 0.328144
26.123830 1.354748
26.169461 5.866078
26.215093 14.645684
26.260724 15.539257
26.306355 6.060098
26.351986 1.509566
26.397617 0.324137
26.443248 0.092573
26.488879 0.041013
26.534511 0.021416
26.580142 0.013164
26.625773 0.009269
26.671404 0.009278
26.717035 0.009461
26.762666 0.009191
26.808297 0.008908
26.853929 0.008280
26.899560 0.006687
26.945191 0.005267
26.990822 0.006885
27.036453 0.007192
27.082084 0.005484
27.127715 0.004107
27.173347 0.005327
27.218978 0.005239
27.264609 0.004663
27.310240 0.005227
27.355871 0.004734
27.401502 0.005871
27.447133 0.006195
27.492765 0.007622
27.538396 0.007477
27.584027 0.003733
27.629658 0.003799
27.675289 0.003176
27.720920 0.003295
27.766551 0.004401
27.812183 0.006568
27.857814 0.005199
27.903445 0.007327
27.949076 0.007382
27.994707 0.004473
28.040338 0.001214
28.085969 0.002540
28.131601 0.002997
28.177232 0.002283
28.222863 0.002061
28.268494 0.001884
28.314125 0.004660
28.359756 0.005140
28.405387 0.004078
28.451019 0.003002
28.496650 0.003345
28.542281 0.003407
28.587912 0.005350
28.633543 0.005621
28.679174 0.004507
28.724805 0.022930
28.770437 0.123763
28.816068 0.309303
28.861699 0.224080
28.907330 0.059611
28.952961 0.009534
28.998592 0.005146
29.044223 0.002935
29.089855 0.003081
29.135486 0.002955
29.181117 0.005059
29.226748 0.006533
29.272379 0.004732
29.318010 0.004820
29.363641 0.008071
29.409273 0.007456
29.454904 0.003962
29.500535 0.003876
29.546166 0.005107
29.591797 0.007962
29.637428 0.008628
29.683059 0.027716
29.728691 0.160063
29.774322 0.794119
29.819953 3.810086
29.865584 15.452666
29.911215 40.678337
29.956846 43.986542
30.002478 20.194445
30.048109 5.127219
30.093740 1.069718
30.139371 0.208484
30.185002 0.043657
30.230633 0.010746
30.276264 0.003961
30.321896 0.003015
30.367527 0.004048
30.413158 0.002458
30.458789 0.004634
30.504420 0.005519
30.550051 0.005934
30.595682 0.005352
30.641314 0.003537
30.686945 0.003544
30.732576 0.003139
30.778207 0.004974
30.823838 0.005570
30.869469 0.014848
30.915100 0.024992
30.960732 0.015258
31.006363 0.006177
31.051994 0.003283
31.097625 0.004790
31.143256 0.004721
31.188887 0.002918
31.234518 0.002920
31.280150 0.000853
31.325781 0.001144
31.371412 0.002714
31.417043 0.002997
31.462674 0.003075
31.508305 0.003613
31.553936 0.004307
31.599568 0.004112
31.645199 0.010290
31.690830 0.061653
31.736461 0.288692
31.782092 0.511912
31.827723 0.283698
31.873354 0.066215
31.918986 0.011035
31.964617 0.003234
32.010248 0.005096
32.055879 0.004794
32.101510 0.002644
32.147141 0.001759
32.192772 0.001697
32.238404 0.002604
32.284035 0.002384
32.329666 0.002128
32.375297 0.002009
32.420928 0.000525
32.466559 0.002031
32.512190 0.004068
32.557822 0.003319
32.603453 0.004083
32.649084 0.002649
32.694715 0.004569
32.740346 0.006694
32.785977 0.003661
32.831608 0.002994
32.877240 0.002031
32.922871 0.001526
32.968502 0.002566
33.014133 0.002282
33.059764 0.002604
33.105395 0.001813
33.151026 0.002917
33.196658 0.002351
33.242289 0.001758
33.287920 0.002018
33.333551 0.002071
33.379182 0.001669
33.424813 0.003251
33.470444 0.003720
33.516076 0.002374
33.561707 0.001062
33.607338 0.002668
33.652969 0.001798
33.698600 0.001075
33.744231 0.001268
33.789862 0.001174
33.835494 0.001318
33.881125 0.000987
33.926756 0.001556
33.972387 0.003042
34.018018 0.003343
34.063649 0.003149
34.109281 0.002100
34.154912 0.001977
34.200543 0.000365
34.246174 0.001661
34.291805 0.002626
34.337436 0.001859
34.383067 0.003439
34.428699 0.002512
34.474330 0.001431
34.519961 0.001072
34.565592 0.000373
34.611223 0.001536
34.656854 0.001928
34.702485 0.001380
34.748117 0.000443
34.793748 0.000595
34.839379 0.000934
34.885010 0.001456
34.930641 0.002485
34.976272 0.002722
35.021903 0.001490
35.067535 0.001207
35.113166 0.002062
35.158797 0.002077
35.204428 0.003230
35.250059 0.003831
35.295690 0.002078
35.341321 0.001622
35.386953 0.001562
35.432584 0.003029
35.478215 0.003901
35.523846 0.003717
35.569477 0.004539
35.615108 0.007479
35.660739 0.050659
35.706371 0.236279
35.752002 1.102786
35.797633 5.005689
35.843264 15.347849
35.888895 22.285206
35.934526 14.376653
35.980157 4.346699
36.025789 0.981484
36.071420 0.215385
36.117051 0.046688
36.162682 0.007140
36.208313 0.001055
36.253944 0.002860
36.299575 0.002488
36.345207 0.003454
36.390838 0.002330
36.436469 0.000587
36.482100 0.001191
36.527731 0.002609
36.573362 0.003651
36.618993 0.002823
36.664625 0.001034
36.710256 0.000450
36.755887 0.002308
36.801518 0.003416
36.847149 0.003240
36.892780 0.003148
36.938411 0.004036
36.984043 0.001601
37.029674 0.000729
37.075305 0.001393
37.120936 0.002764
37.166567 0.003530
37.212198 0.004584
37.257829 0.002042
37.303461 0.000620
37.349092 0.000907
37.394723 0.002089
37.440354 0.003298
37.485985 0.003653
37.531616 0.002552
37.577247 0.001885
37.622879 0.002200
37.668510 0.003043
37.714141 0.002553
37.759772 0.002231
37.805403 0.005196
37.851034 0.007307
37.896666 0.006976
37.942297 0.002892
37.987928 0.002701
38.033559 0.002498
38.079190 0.002111
38.124821 0.000300
38.170452 0.000509
38.216084 0.001202
38.261715 0.000661
38.307346 0.001083
38.352977 0.002384
38.398608 0.002218
38.444239 0.002465
38.489870 0.002783
38.535502 0.004191
38.581133 0.002853
38.626764 0.003759
38.672395 0.005729
38.718026 0.014582
38.763657 0.104180
38.809288 0.560619
38.854920 2.667294
38.900551 10.967130
38.946182 33.674252
38.991813 45.920521
39.037444 29.571371
39.083075 9.247558
39.128706 2.113173
39.174338 0.443704
39.219969 0.100404
39.265600 0.020205
39.311231 0.009325
39.356862 0.005483
39.402493 0.001415
39.448124 0.001700
39.493756 0.002333
39.539387 0.002408
39.585018 0.001320
39.630649 0.001187
39.676280 0.001272
39.721911 0.001523
39.767542 0.001761
39.813174 0.001752
39.858805 0.001545
39.904436 0.001411
39.950067 0.002775
39.995698 0.008657
40.041329 0.036566
40.086960 0.129757
40.132592 0.343860
40.178223 0.410280
40.223854 0.251727
40.269485 0.123161
40.315116 0.306429
40.360747 0.638043
40.406378 0.509212
40.452010 0.135133
40.497641 0.011495
40.543272 0.001526
40.588903 0.001633
40.634534 0.002137
40.680165 0.002229
40.725796 0.000763
40.771428 0.001131
40.817059 0.000750
40.862690 0.001506
40.908321 0.001757
40.953952 0.002085
40.999583 0.002033
41.045214 0.001072
41.090846 0.018455
41.136477 0.189165
41.182108 0.816086
41.227739 1.696471
41.273370 2.536438
41.319001 2.933020
41.364632 1.877074
41.410264 0.479318
41.455895 0.054622
41.501526 0.004794
41.547157 0.001895
41.592788 0.001381
41.638419 0.000911
41.684050 0.000831
41.729682 0.002585
41.775313 0.001878
41.820944 0.001327
41.866575 0.001727
41.912206 0.002874
41.957837 0.002806
42.003469 0.003210
42.049100 0.003274
42.094731 0.002258
42.140362 0.001376
42.185993 0.000880
42.231624 0.000940
42.277255 0.001013
42.322887 0.001592
42.368518 0.001532
42.414149 0.001673
42.459780 0.001999
42.505411 0.002766
42.551042 0.002210
42.596673 0.004080
42.642305 0.003800
42.687936 0.002352
42.733567 0.001416
42.779198 0.001809
42.824829 0.004645
42.870460 0.003049
42.916091 0.001797
42.961723 0.001553
43.007354 0.002233
43.052985 0.001907
43.098616 0.000477
43.144247 0.002091
43.189878 0.004581
43.235509 0.004479
43.281141 0.004120
43.326772 0.004669
43.372403 0.004032
43.418034 0.004642
43.463665 0.004662
43.509296 0.004409
43.554927 0.016165
43.600559 0.060150
43.646190 0.198585
43.691821 0.417863
43.737452 0.441260
43.783083 0.235554
43.828714 0.066851
43.874345 0.023464
43.919977 0.007492
43.965608 0.006199
44.011239 0.005379
44.056870 0.002562
44.102501 0.002993
44.148132 0.003707
44.193763 0.006292
44.239395 0.029479
44.285026 0.157763
44.330657 0.943268
44.376288 4.287200
44.421919 11.820052
44.467550 15.038574
44.513181 8.914307
44.558813 2.473641
44.604444 0.425048
44.650075 0.056633
44.695706 0.009298
44.741337 0.003217
44.786968 0.004061
44.832599 0.004342
44.878231 0.003797
44.923862 0.002805
44.969493 0.004151
45.015124 0.005954
45.060755 0.006106
45.106386 0.007030
45.152017 0.015284
45.197649 0.038577
45.243280 0.122899
45.288911 0.518221
45.334542 2.267252
45.380173 8.888005
45.425804 22.932745
45.471435 28.637287
45.517067 16.096298
45.562698 4.881762
45.608329 1.164532
45.653960 0.259364
45.699591 0.072442
45.745222 0.028270
45.790854 0.015588
45.836485 0.005524
45.882116 0.000891
45.927747 0.001433
45.973378 0.001820
46.019009 0.001165
46.064640 0.001219
46.110272 0.001414
46.155903 0.001656
46.201534 0.000819
46.247165 0.001600
46.292796 0.001996
46.338427 0.001835
46.384058 0.002203
46.429690 0.001449
46.475321 0.001578
46.520952 0.002300
46.566583 0.002842
46.612214 0.003095
46.657845 0.037220
46.703476 0.189105
46.749108 0.282449
46.794739 0.133418
46.840370 0.023128
46.886001 0.001381
46.931632 0.000998
46.977263 0.000994
47.022894 0.001042
47.068526 0.000998
47.114157 0.001170
47.159788 0.001741
47.205419 0.001514
47.251050 0.001039
47.296681 0.000768
47.342312 0.000836
47.387944 0.000828
47.433575 0.000677
47.479206 0.000614
47.524837 0.000839
47.570468 0.000713
47.616099 0.000522
47.661730 0.000659
47.707362 0.001388
47.752993 0.001885
47.798624 0.002234
47.844255 0.001628
47.889886 0.001328
47.935517 0.001900
47.981148 0.001858
48.026780 0.001565
48.072411 0.001170
48.118042 0.000842
48.163673 0.001906
48.209304 0.002287
48.254935 0.000608
48.300566 0.000890
48.346198 0.001465
48.391829 0.002524
48.437460 0.001844
48.483091 0.001552
48.528722 0.000432
48.574353 0.000761
48.619984 0.001240
48.665616 0.000225
48.711247 0.000000
48.756878 0.000608
48.802509 0.007060
48.848140 0.050652
48.893771 0.279886
48.939402 0.621445
48.985034 0.553751
49.030665 0.198366
49.076296 0.029944
49.121927 0.003895
49.167558 0.001495
49.213189 0.001552
49.258820 0.001266
49.304452 0.001605
49.350083 0.001659
49.395714 0.000996
49.441345 0.001241
49.486976 0.001208
49.532607 0.000949
49.578238 0.001985
49.623870 0.002268
49.669501 0.001354
49.715132 0.002297
49.760763 0.002931
49.806394 0.002427
49.852025 0.002557
49.897657 0.002041
49.943288 0.002251
49.988919 0.003223
50.034550 0.003548
50.080181 0.003052
50.125812 0.003015
50.171443 0.013882
50.217075 0.097788
50.262706 0.581187
50.308337 2.650750
50.353968 6.697166
50.399599 8.814913
50.445230 5.544338
50.490861 2.273757
50.536493 2.518636
50.582124 4.709440
50.627755 4.318911
50.673386 1.793486
50.719017 0.378621
50.764648 0.065745
50.810279 0.007562
50.855911 0.002585
50.901542 0.001360
50.947173 0.000286
50.992804 0.001437
51.038435 0.002317
51.084066 0.001604
51.129697 0.001439
51.175329 0.001137
51.220960 0.000395
51.266591 0.000055
51.312222 0.000639
51.357853 0.001366
51.403484 0.001797
51.449115 0.001744
51.494747 0.001298
51.540378 0.001011
51.586009 0.002499
51.631640 0.001538
51.677271 0.000181
51.722902 0.000356
51.768533 0.000168
51.814165 0.000277
51.859796 0.000909
51.905427 0.001126
51.951058 0.001492
51.996689 0.000797
52.042320 0.001405
52.087951 0.001297
52.133583 0.000773
52.179214 0.000835
52.224845 0.004448
52.270476 0.025006
52.316107 0.091808
52.361738 0.144003
52.407369 0.397431
52.453001 1.185315
52.498632 1.862051
52.544263 1.263352
52.589894 0.378635
52.635525 0.048129
52.681156 0.005371
52.726787 0.000543
52.772419 0.000772
52.818050 0.001105
52.863681 0.001166
52.909312 0.000557
52.954943 0.000135
53.000574 0.000000
53.046205 0.000393
53.091837 0.000782
53.137468 0.000831
53.183099 0.001431
53.228730 0.001143
53.274361 0.001173
53.319992 0.001623
53.365623 0.001126
53.411255 0.001136
53.456886 0.000717
53.502517 0.000391
53.548148 0.001178
53.593779 0.001461
53.639410 0.001185
53.685041 0.001221
53.730673 0.011695
53.776304 0.051682
53.821935 0.134307
53.867566 0.131313
53.913197 0.047480
53.958828 0.003897
54.004460 0.000395
54.050091 0.000778
54.095722 0.000288
54.141353 0.000000
54.186984 0.000014
54.232615 0.000948
54.278246 0.005425
54.323878 0.055126
54.369509 0.400852
54.415140 1.126327
54.460771 1.295103
54.506402 0.621055
54.552033 0.121759
54.597664 0.010962
54.643296 0.000139
54.688927 0.001030
54.734558 0.001318
54.780189 0.003201
54.825820 0.015043
54.871451 0.022418
54.917082 0.008354
54.962714 0.000368
55.008345 0.000000
55.053976 0.000000
55.099607 0.000069
55.145238 0.001627
55.190869 0.009611
55.236500 0.011044
55.282132 0.004834
55.327763 0.011371
55.373394 0.131546
55.419025 0.690461
55.464656 1.648654
55.510287 2.203876
55.555918 1.837227
55.601550 0.954436
55.647181 0.242544
55.692812 0.033418
55.738443 0.003467
55.784074 0.000265
55.829705 0.000025
55.875336 0.000508
55.920968 0.000217
55.966599 0.000000
56.012230 0.000000
56.057861 0.000000
56.103492 0.000061
56.149123 0.000733
56.194754 0.000449
56.240386 0.000000
56.286017 0.000000
56.331648 0.000117
56.377279 0.000364
56.422910 0.000138
56.468541 0.000000
56.514172 0.000000
56.559804 0.000004
56.605435 0.000372
56.651066 0.007238
56.696697 0.108104
56.742328 0.651524
56.787959 1.859413
56.833590 2.442807
56.879222 1.485819
56.924853 0.415995
56.970484 0.056504
57.016115 0.002963
57.061746 0.000018
57.107377 0.004498
57.153008 0.003789
57.198640 0.000145
57.244271 0.000000
57.289902 0.000000
57.335533 0.000000
57.381164 0.000000
57.426795 0.000000
57.472426 0.000000
57.518058 0.004517
57.563689 0.044084
57.609320 0.264832
57.654951 0.660702
57.700582 0.717140
57.746213 0.343355
57.791845 0.140333
57.837476 0.521525
57.883107 1.773594
57.928738 2.921918
57.974369 2.202102
58.020000 0.776387
58.065631 0.130526
58.111263 0.015107
58.156894 0.000720
58.202525 0.000077
58.248156 0.000000
58.293787 0.000000
58.339418 0.000258
58.385049 0.000649
58.430681 0.000348
58.476312 0.000000
58.521943 0.000000
58.567574 0.000000
58.613205 0.000000
58.658836 0.000327
58.704467 0.000387
58.750099 0.000000
58.795730 0.000133
58.841361 0.000664
58.886992 0.000449
58.932623 0.000000
58.978254 0.000053
59.023885 0.000325
59.069517 0.000213
59.115148 0.000222
59.160779 0.000427
59.206410 0.000086
59.252041 0.001552
59.297672 0.009407
59.343303 0.018571
59.388935 0.018236
59.434566 0.008353
59.480197 0.001186
59.525828 0.000000
59.571459 0.000159
59.617090 0.003875
59.662721 0.018747
59.708353 0.056376
59.753984 0.252596
59.799615 1.259518
59.845246 4.089512
59.890877 8.527492
59.936508 7.392260
59.982139 3.504669
60.027771 0.768876
60.073402 0.135156
60.119033 0.029683
60.164664 0.004157
60.210295 0.000189
60.255926 0.000000
60.301557 0.000000
60.347189 0.000000
60.392820 0.000000
60.438451 0.000000
60.484082 0.000000
60.529713 0.000000
60.575344 0.000000
60.620975 0.000000
60.666607 0.000088
60.712238 0.000342
60.757869 0.000146
60.803500 0.000000
60.849131 0.000000
60.894762 0.000000
60.940393 0.000000
60.986025 0.000177
61.031656 0.000794
61.077287 0.000174
61.122918 0.000000
61.168549 0.000000
61.214180 0.000635
61.259811 0.015006
61.305443 0.113902
61.351074 0.349661
61.396705 0.455629
61.442336 0.239296
61.487967 0.051881
61.533598 0.003425
61.579229 0.000334
61.624861 0.000234
61.670492 0.000000
61.716123 0.000000
61.761754 0.000000
61.807385 0.000000
61.853016 0.000000
61.898648 0.000166
61.944279 0.000343
61.989910 0.000135
62.035541 0.000225
62.081172 0.000312
62.126803 0.000050
62.172434 0.000000
62.218066 0.000000
62.263697 0.000000
62.309328 0.000289
62.354959 0.000301
62.400590 0.005543
62.446221 0.081352
62.491852 0.579597
62.537484 2.334089
62.583115 4.677958
62.628746 4.607890
62.674377 2.249806
62.720008 0.558401
62.765639 0.065557
62.811270 0.001687
62.856902 0.000000
62.902533 0.000000
62.948164 0.000000
62.993795 0.000133
63.039426 0.000344
63.085057 0.000178
63.130688 0.000000
63.176320 0.000000
63.221951 0.000190
63.267582 0.001273
63.313213 0.008555
63.358844 0.022994
63.404475 0.022923
63.450106 0.010210
63.495738 0.040449
63.541369 0.203184
63.587000 0.413587
63.632631 0.392353
63.678262 0.160576
63.723893 0.022995
63.769524 0.001308
63.815156 0.000197
63.860787 0.000000
63.906418 0.000060
63.952049 0.000323
63.997680 0.000441
64.043311 0.000321
64.088942 0.000800
64.134574 0.005024
64.180205 0.015794
64.225836 0.011973
64.271467 0.002295
64.317098 0.000000
64.362729 0.000000
64.408360 0.000235
64.453992 0.000404
64.499623 0.000079
64.545254 0.000000
64.590885 0.000000
64.636516 0.000000
64.682147 0.000000
64.727778 0.000079
64.773410 0.000417
64.819041 0.000178
64.864672 0.000632
64.910303 0.001623
64.955934 0.000265
65.001565 0.000000
65.047196 0.000002
65.092828 0.000508
65.138459 0.000678
65.184090 0.000196
65.229721 0.000074
65.275352 0.000385
65.320983 0.000241
65.366614 0.000000
65.412246 0.000025
65.457877 0.000446
65.503508 0.000684
65.549139 0.000407
65.594770 0.000000
65.640401 0.000000
65.686033 0.000000
65.731664 0.000000
65.777295 0.000000
65.822926 0.000000
65.868557 0.000000
65.914188 0.000000
65.959819 0.000223
66.005451 0.003891
66.051082 0.002918
66.096713 0.000000
66.142344 0.000512
66.187975 0.007627
66.233606 0.033868
66.279237 0.041014
66.324869 0.022118
66.370500 0.012639
66.416131 0.007999
66.461762 0.001996
66.507393 0.000267
66.553024 0.000427
66.598655 0.000075
66.644287 0.000298
66.689918 0.012301
66.735549 0.105185
66.781180 0.415308
66.826811 0.653046
66.872442 0.533960
66.918073 0.286045
66.963705 0.177983
67.009336 0.102689
67.054967 0.032996
67.100598 0.003565
67.146229 0.000000
67.191860 0.000000
67.237491 0.000000
67.283123 0.000000
67.328754 0.000000
67.374385 0.000000
67.420016 0.000000
67.465647 0.000000
67.511278 0.000000
67.556909 0.000000
67.602541 0.000000
67.648172 0.000000
67.693803 0.000000
67.739434 0.000000
67.785065 0.000000
67.830696 0.000000
67.876327 0.000000
67.921959 0.003602
67.967590 0.046805
68.013221 0.145475
68.058852 0.199516
68.104483 0.112390
68.150114 0.023776
68.195745 0.001412
68.241377 0.000000
68.287008 0.000000
68.332639 0.000000
68.378270 0.000000
68.423901 0.000000
68.469532 0.000000
68.515163 0.000000
68.560795 0.000000
68.606426 0.000000
68.652057 0.011763
68.697688 0.165496
68.743319 0.837288
68.788950 1.876414
68.834581 2.249495
68.880213 1.403766
68.925844 0.679258
68.971475 0.715288
69.017106 0.709599
69.062737 0.406343
69.108368 0.114686
69.153999 0.019298
69.199631 0.001869
69.245262 0.000000
69.290893 0.000604
69.336524 0.037588
69.382155 0.285613
69.427786 0.837874
69.473417 1.121541
69.519049 0.722329
69.564680 0.208268
69.610311 0.020020
69.655942 0.000000
69.701573 0.000170
69.747204 0.000610
69.792836 0.000368
69.838467 0.000382
69.884098 0.000614
69.929729 0.000163
69.975360 0.000000
70.020991 0.000158
70.066622 0.000570
70.112254 0.000341
70.157885 0.000000
70.203516 0.000000
70.249147 0.000000
70.294778 0.000000
70.340409 0.000000
70.386040 0.000000
70.431672 0.000000
70.477303 0.000000
70.522934 0.000000
70.568565 0.000000
70.614196 0.000000
70.659827 0.000000
70.705458 0.000000
70.751090 0.000000
70.796721 0.000559
70.842352 0.020213
70.887983 0.139099
70.933614 0.349099
70.979245 0.351042
71.024876 0.147318
71.070508 0.017707
71.116139 0.000200
71.161770 0.000000
71.207401 0.000000
71.253032 0.000000
71.298663 0.000000
71.344294 0.000000
71.389926 0.000000
71.435557 0.000133
71.481188 0.000636
71.526819 0.000424
71.572450 0.000000
71.618081 0.001106
71.663712 0.016227
71.709344 0.117772
71.754975 0.413104
71.800606 0.800606
71.846237 0.726567
71.891868 0.315358
71.937499 0.077720
71.983130 0.013093
72.028762 0.001168
72.074393 0.000000
72.120024 0.000000
72.165655 0.000000
72.211286 0.000000
72.256917 0.000000
72.302548 0.000296
72.348180 0.000678
72.393811 0.000301
72.439442 0.000000
72.485073 0.000000
72.530704 0.000000
72.576335 0.000173
72.621966 0.027320
72.667598 0.302364
72.713229 1.281427
72.758860 2.796484
72.804491 3.189671
72.850122 1.973492
72.895753 0.661065
72.941384 0.100639
72.987016 0.005035
73.032647 0.000522
73.078278 0.000000
73.123909 0.000000
73.169540 0.000000
73.215171 0.000000
73.260802 0.000000
73.306434 0.011146
73.352065 0.104421
73.397696 0.448844
73.443327 0.876832
73.488958 0.911582
73.534589 0.506607
73.580220 0.142765
73.625852 0.022143
73.671483 0.045661
73.717114 0.274610
73.762745 0.915574
73.808376 1.635632
73.854007 1.610506
73.899639 0.810690
73.945270 0.189260
73.990901 0.034707
74.036532 0.005784
74.082163 0.012986
74.127794 0.033897
74.173425 0.042024
74.219057 0.028111
74.264688 0.013071
74.310319 0.007913
74.355950 0.001870
74.401581 0.000000
74.447212 0.000000
74.492843 0.000000
74.538475 0.000000
74.584106 0.000000
74.629737 0.000000
74.675368 0.000000
74.720999 0.000000
74.766630 0.000000
74.812261 0.000000
74.857893 0.000000
74.903524 0.000000
74.949155 0.000000
74.994786 0.000000
75.040417 0.006912
75.086048 0.116686
75.131679 0.636761
75.177311 1.780569
75.222942 2.519207
75.268573 1.841415
75.314204 0.670033
75.359835 0.087025
75.405466 0.001252
75.451097 0.000000
75.496729 0.000000
75.542360 0.000000
75.587991 0.000000
75.633622 0.000000
75.679253 0.000000
75.724884 0.000944
75.770515 0.001072
75.816147 0.000000
75.861778 0.000487
75.907409 0.000918
75.953040 0.000297
75.998671 0.000000
76.044302 0.000000
76.089933 0.000000
76.135565 0.000000
76.181196 0.000000
76.226827 0.000000
76.272458 0.000000
76.318089 0.000000
76.363720 0.001329
76.409351 0.012620
76.454983 0.021759
76.500614 0.009603
76.546245 0.000408
76.591876 0.007916
76.637507 0.064872
76.683138 0.236446
76.728769 0.442637
76.774401 0.412994
76.820032 0.191048
76.865663 0.040236
76.911294 0.002720
76.956925 0.000000
77.002556 0.000000
77.048187 0.000000
77.093819 0.000000
77.139450 0.000000
77.185081 0.000000
77.230712 0.001686
77.276343 0.094903
77.321974 0.411033
77.367605 0.816926
77.413237 0.815402
77.458868 0.422858
77.504499 0.107901
77.550130 0.012215
77.595761 0.000651
77.641392 0.000000
77.687024 0.000000
77.732655 0.000000
77.778286 0.000000
77.823917 0.000000
77.869548 0.000000
77.915179 0.000000
77.960810 0.000000
78.006442 0.000203
78.052073 0.010832
78.097704 0.103461
78.143335 0.364891
78.188966 0.648206
78.234597 0.690706
78.280228 0.636612
78.325860 0.920034
78.371491 1.103572
78.417122 0.732582
78.462753 0.240316
78.508384 0.034815
78.554015 0.002289
78.599646 0.007573
78.645278 0.070701
78.690909 0.273416
78.736540 0.554076
78.782171 0.652941
78.827802 0.453615
78.873433 0.174927
78.919064 0.036289
78.964696 0.007072
79.010327 0.000000
79.055958 0.000000
79.101589 0.000000
79.147220 0.000000
79.192851 0.000000
79.238482 0.000000
79.284114 0.000000
79.329745 0.000000
79.375376 0.000000
79.421007 0.000000
79.466638 0.000000
79.512269 0.000000
79.557900 0.000000
79.603532 0.000000
79.649163 0.000000
79.694794 0.000000
79.740425 0.000000
79.786056 0.000000
79.831687 0.000000
79.877318 0.000000
79.922950 0.000000
79.968581 0.000000
80.014212 0.000000
80.059843 0.000000
80.105474 0.000000
80.151105 0.000000
80.196736 0.000000
80.242368 0.000000
80.287999 0.002505
80.333630 0.005762
80.379261 0.002345
80.424892 0.000000
80.470523 0.000000
80.516154 0.000000
80.561786 0.000000
80.607417 0.000000
80.653048 0.000000
80.698679 0.002007
80.744310 0.014872
80.789941 0.027306
80.835572 0.020185
80.881204 0.006633
80.926835 0.000578
80.972466 0.000000
81.018097 0.000000
81.063728 0.000000
81.109359 0.000000
81.154990 0.000000
81.200622 0.000000
81.246253 0.000000
81.291884 0.000000
81.337515 0.000000
81.383146 0.000000
81.428777 0.000000
81.474408 0.000000
81.520040 0.000000
81.565671 0.000000
81.611302 0.021296
81.656933 0.145832
81.702564 0.337095
81.748195 0.388956
81.793827 0.291676
81.839458 0.208827
81.885089 0.149117
81.930720 0.068418
81.976351 0.014937
82.021982 0.001485
82.067613 0.000000
82.113245 0.000000
82.158876 0.000000
82.204507 0.000000
82.250138 0.000000
82.295769 0.000000
82.341400 0.005944
82.387031 0.048534
82.432663 0.186035
82.478294 0.331171
82.523925 0.317031
82.569556 0.184733
82.615187 0.077450
82.660818 0.104775
82.706449 0.141129
82.752081 0.091277
82.797712 0.027146
82.843343 0.000000
82.888974 0.000000
82.934605 0.000000
82.980236 0.000000
83.025867 0.000000
83.071499 0.000000
83.117130 0.000000
83.162761 0.000000
83.208392 0.000000
83.254023 0.000000
83.299654 0.000000
83.345285 0.000000
83.390917 0.000000
83.436548 0.000000
83.482179 0.000000
83.527810 0.000000
83.573441 0.000000
83.619072 0.000000
83.664703 0.000000
83.710335 0.000000
83.755966 0.010847
83.801597 0.024898
83.847228 0.024655
83.892859 0.013892
83.938490 0.005078
83.984121 0.000954
84.029753 0.000000
84.075384 0.000000
84.121015 0.000000
84.166646 0.000000
84.212277 0.000000
84.257908 0.001620
84.303539 0.005797
84.349171 0.003211
84.394802 0.000000
84.440433 0.000000
84.486064 0.004281
84.531695 0.005797
84.577326 0.000498
84.622957 0.000000
84.668589 0.000000
84.714220 0.000000
84.759851 0.000000
84.805482 0.000000
84.851113 0.000000
84.896744 0.000000
84.942375 0.005099
84.988007 0.013033
85.033638 0.005862
85.079269 0.000000
85.124900 0.000000
85.170531 0.000000
85.216162 0.000000
85.261793 0.000000
85.307425 0.000000
85.353056 0.000000
85.398687 0.000000
85.444318 0.000000
85.489949 0.000000
85.535580 0.000000
85.581212 0.000000
85.626843 0.004222
85.672474 0.003645
85.718105 0.000000
85.763736 0.000000
85.809367 0.000000
85.854998 0.000300
85.900630 0.005003
85.946261 0.003872
85.991892 0.000000
86.037523 0.000000
86.083154 0.000000
86.128785 0.000000
86.174416 0.001945
86.220048 0.005916
86.265679 0.002953
86.311310 0.000000
86.356941 0.000000
86.402572 0.000000
86.448203 0.000000
86.493834 0.000000
86.539466 0.000000
86.585097 0.000000
86.630728 0.005794
86.676359 0.082163
86.721990 0.267276
86.767621 0.399521
86.813252 0.306025
86.858884 0.128381
86.904515 0.023191
86.950146 0.000000
86.995777 0.000000
87.041408 0.000000
87.087039 0.000000
87.132670 0.000000
87.178302 0.000000
87.223933 0.000000
87.269564 0.000000
87.315195 0.000000
87.360826 0.000000
87.406457 0.000000
87.452088 0.000000
87.497720 0.000000
87.543351 0.000000
87.588982 0.000000
87.634613 0.000000
87.680244 0.000000
87.725875 0.000000
87.771506 0.000000
87.817138 0.000000
87.862769 0.000000
87.908400 0.000000
87.954031 0.000000
87.999662 0.000000
88.045293 0.000000
88.090924 0.000000
88.136556 0.000000
88.182187 0.000000
88.227818 0.000000
88.273449 0.000000
88.319080 0.000000
88.364711 0.000000
88.410342 0.000000
88.455974 0.000000
88.501605 0.000000
88.547236 0.000000
88.592867 0.000000
88.638498 0.000000
88.684129 0.000000
88.729760 0.000000
88.775392 0.000000
88.821023 0.000000
88.866654 0.000000
88.912285 0.000000
88.957916 0.000000
89.003547 0.000000
89.049178 0.000000
89.094810 0.000000
89.140441 0.000000
89.186072 0.000000
89.231703 0.000000
89.277334 0.000000
89.322965 0.000000
89.368596 0.000000
89.414228 0.000000
89.459859 0.000000
89.505490 0.000000
89.551121 0.000000
89.596752 0.000000
89.642383 0.000000
89.688015 0.000000
89.733646 0.000000
89.779277 0.000000
89.824908 0.000000
89.870539 0.000000
89.916170 0.000000
89.961801 0.000000
90.007433 0.000000
90.053064 0.000000
90.098695 0.000000
90.144326 0.000000
90.189957 0.000000
90.235588 0.000000
90.281219 0.000000
90.326851 0.000000
90.372482 0.000000
90.418113 0.000000
90.463744 0.000000
90.509375 0.000000
90.555006 0.000000
90.600637 0.000000
90.646269 0.000000
90.691900 0.000000
90.737531 0.000000
90.783162 0.000000
90.828793 0.000000
90.874424 0.000000
90.920055 0.000000
90.965687 0.000000
91.011318 0.000000
91.056949 0.000000
91.102580 0.000000
91.148211 0.000000
91.193842 0.000000
91.239473 0.000000
