0.022816 0.000000
0.068447 0.000000
0.114078 0.000000
0.159709 0.000000
0.205340 0.000000
0.250971 0.000000
0.296602 0.000000
0.342234 0.000000
0.387865 0.000000
0.433496 0.000000
0.479127 0.000000
0.524758 0.000000
0.570389 0.000000
0.616020 0.000000
0.661652 0.000000
0.707283 0.000000
0.752914 0.000000
0.798545 0.000000
0.844176 0.000000
0.889807 0.000000
0.935438 0.000000
0.981070 0.000000
1.026701 0.000000
1.072332 0.000000
1.117963 0.000000
1.163594 0.000000
1.209225 0.000000
1.254856 0.000000
1.300488 0.000000
1.346119 0.000000
1.391750 0.000000
1.437381 0.000000
1.483012 0.000000
1.528643 0.000000
1.574274 0.000000
1.619906 0.000000
1.665537 0.000000
1.711168 0.000000
1.756799 0.000000
1.802430 0.000000
1.848061 0.000000
1.893692 0.000000
1.939324 0.000000
1.984955 0.000000
2.030586 0.000000
2.076217 0.000000
2.121848 0.000000
2.167479 0.000000
2.213111 0.000000
2.258742 0.000000
2.304373 0.000000
2.350004 0.000000
2.395635 0.000000
2.441266 0.000000
2.486897 0.000000
2.532529 0.000000
2.578160 0.000000
2.623791 0.004413
2.669422 0.011391
2.715053 0.016926
2.760684 0.021816
2.806315 0.041604
2.851947 0.080159
2.897578 0.123693
2.943209 0.197676
2.988840 0.223185
3.034471 0.206662
3.080102 0.271319
3.125733 0.368334
3.171365 0.418827
3.216996 0.570062
3.262627 0.585772
3.308258 0.592865
3.353889 0.680357
3.399520 0.717020
3.445151 0.753168
3.490783 0.785755
3.536414 0.833740
3.582045 0.918962
3.627676 0.897580
3.673307 0.970540
3.718938 0.945928
3.764569 0.916053
3.810201 0.946453
3.855832 1.003067
3.901463 1.044452
3.947094 0.921348
3.992725 0.873162
4.038356 0.862521
4.083987 0.804289
4.129619 0.854669
4.175250 0.886338
4.220881 0.821445
4.266512 0.891541
4.312143 0.964980
4.357774 0.912347
4.403405 0.871354
4.449037 0.889254
4.494668 0.810129
4.540299 0.730905
4.585930 0.755802
4.631561 0.788800
4.677192 0.790197
4.722823 0.817904
4.768455 0.746712
4.814086 0.724053
4.859717 0.737928
4.905348 0.729186
4.950979 0.743438
4.996610 0.795807
5.042241 0.724451
5.087873 0.636357
5.133504 0.622174
5.179135 0.549955
5.224766 0.558232
5.270397 0.552158
5.316028 0.568498
5.361659 0.618100
5.407291 0.580739
5.452922 0.523333
5.498553 0.508106
5.544184 0.496258
5.589815 0.501745
5.635446 0.534555
5.681077 0.493559
5.726709 0.460932
5.772340 0.444138
5.817971 0.463044
5.863602 0.534903
5.909233 0.485311
5.954864 0.453923
6.000496 0.460592
6.046127 0.438646
6.091758 0.434564
6.137389 0.409363
6.183020 0.394708
6.228651 0.370493
6.274282 0.392011
6.319914 0.367950
6.365545 0.345550
6.411176 0.348612
6.456807 0.356145
6.502438 0.363938
6.548069 0.350618
6.593700 0.319792
6.639332 0.311541
6.684963 0.357646
6.730594 0.295436
6.776225 0.255796
6.821856 0.273166
6.867487 0.317254
6.913118 0.352712
6.958750 0.284183
7.004381 0.261211
7.050012 0.318885
7.095643 0.317944
7.141274 0.344422
7.186905 0.346362
7.232536 0.336385
7.278168 0.386315
7.323799 0.614271
7.369430 0.975303
7.415061 0.767359
7.460692 0.378181
7.506323 0.312012
7.551954 0.312341
7.597586 0.273396
7.643217 0.280585
7.688848 0.285102
7.734479 0.312215
7.780110 0.296148
7.825741 0.288817
7.871372 0.298154
7.917004 0.293277
7.962635 0.263938
8.008266 0.247518
8.053897 0.284575
8.099528 0.269240
8.145159 0.269323
8.190790 0.261598
8.236422 0.229664
8.282053 0.255132
8.327684 0.229923
8.373315 0.218505
8.418946 0.244195
8.464577 0.255772
8.510208 0.265477
8.555840 0.238283
8.601471 0.228720
8.647102 0.261510
8.692733 0.250270
8.738364 0.224618
8.783995 0.236355
8.829626 0.234301
8.875258 0.265388
8.920889 0.281892
8.966520 0.237769
9.012151 0.226447
9.057782 0.212411
9.103413 0.189248
9.149044 0.233422
9.194676 0.249598
9.240307 0.224715
9.285938 0.226669
9.331569 0.256942
9.377200 0.279521
9.422831 0.260195
9.468462 0.219373
9.514094 0.209076
9.559725 0.221476
9.605356 0.225793
9.650987 0.226604
9.696618 0.225772
9.742249 0.232923
9.787880 0.215679
9.833512 0.202337
9.879143 0.193228
9.924774 0.204344
9.970405 0.234433
10.016036 0.230985
10.061667 0.205852
10.107299 0.216207
10.152930 0.232635
10.198561 0.238624
10.244192 0.215353
10.289823 0.210502
10.335454 0.209654
10.381085 0.216848
10.426717 0.196074
10.472348 0.202031
10.517979 0.233183
10.563610 0.235633
10.609241 0.238247
10.654872 0.228930
10.700503 0.238226
10.746135 0.237725
10.791766 0.220508
10.837397 0.230053
10.883028 0.243146
10.928659 0.242717
10.974290 0.263673
11.019921 0.288855
11.065553 0.295198
11.111184 0.286147
11.156815 0.276410
11.202446 0.258986
11.248077 0.258043
11.293708 0.300678
11.339339 0.295128
11.384971 0.303047
11.430602 0.286707
11.476233 0.302930
11.521864 0.316372
11.567495 0.301387
11.613126 0.329211
11.658757 0.371306
11.704389 0.385430
11.750020 0.376815
11.795651 0.342256
11.841282 0.345695
11.886913 0.377086
11.932544 0.384334
11.978175 0.393999
12.023807 0.425408
12.069438 0.437090
12.115069 0.430933
12.160700 0.453430
12.206331 0.474737
12.251962 0.495234
12.297593 0.536314
12.343225 0.578575
12.388856 0.547729
12.434487 0.584102
12.480118 0.645654
12.525749 0.662011
12.571380 0.641974
12.617011 0.644174
12.662643 0.733507
12.708274 0.838267
12.753905 0.943754
12.799536 0.939484
12.845167 0.886091
12.890798 0.847090
12.936429 0.874991
12.982061 0.987341
13.027692 1.091571
13.073323 1.083237
13.118954 1.096113
13.164585 1.203946
13.210216 1.177829
13.255847 1.194510
13.301479 1.317770
13.347110 1.412179
13.392741 1.526713
13.438372 1.553525
13.484003 1.519193
13.529634 1.550275
13.575265 1.638686
13.620897 1.709363
13.666528 1.780265
13.712159 1.743243
13.757790 1.752668
13.803421 1.781707
13.849052 1.812521
13.894683 1.865003
13.940315 1.927265
13.985946 1.989643
14.031577 2.069612
14.077208 2.102035
14.122839 2.072117
14.168470 2.140306
14.214102 2.224946
14.259733 2.318488
14.305364 2.351056
14.350995 2.440658
14.396626 2.421784
14.442257 2.432288
14.487888 2.560451
14.533520 2.604161
14.579151 2.555439
14.624782 2.539623
14.670413 2.651939
14.716044 2.706871
14.761675 2.711358
14.807306 2.732910
14.852938 2.711728
14.898569 2.629611
14.944200 2.620950
14.989831 2.672706
15.035462 2.634273
15.081093 2.671602
15.126724 2.685336
15.172356 2.755743
15.217987 2.796360
15.263618 2.950584
15.309249 3.144751
15.354880 3.105733
15.400511 2.883033
15.446142 2.811665
15.491774 2.626117
15.537405 2.478082
15.583036 2.376162
15.628667 2.300858
15.674298 2.238737
15.719929 2.246749
15.765560 2.221715
15.811192 2.094081
15.856823 1.965221
15.902454 1.920578
15.948085 1.800403
15.993716 1.806354
16.039347 1.820815
16.084978 1.727063
16.130610 1.659003
16.176241 1.603385
16.221872 1.538689
16.267503 1.488564
16.313134 1.465892
16.358765 1.400381
16.404396 1.298194
16.450028 1.301780
16.495659 1.319138
16.541290 1.270854
16.586921 1.250014
16.632552 1.228845
16.678183 1.142060
16.723814 1.019391
16.769446 1.006273
16.815077 1.015021
16.860708 0.913460
16.906339 0.869547
16.951970 0.863948
16.997601 0.827033
17.043232 0.809858
17.088864 0.793415
17.134495 0.754085
17.180126 0.720866
17.225757 0.753727
17.271388 0.732858
17.317019 0.633942
17.362650 0.558955
17.408282 0.560972
17.453913 0.566414
17.499544 0.501529
17.545175 0.508182
17.590806 0.554767
17.636437 0.602200
17.682068 0.746900
17.727700 1.343717
17.773331 3.510417
17.818962 11.581887
17.864593 25.565451
17.910224 24.401245
17.955855 10.374347
18.001487 3.075440
18.047118 1.112216
18.092749 0.605834
18.138380 0.419481
18.184011 0.340065
18.229642 0.293540
18.275273 0.272445
18.320905 0.249958
18.366536 0.211654
18.412167 0.225468
18.457798 0.276187
18.503429 0.329838
18.549060 0.351995
18.594691 0.294694
18.640323 0.221666
18.685954 0.184645
18.731585 0.182616
18.777216 0.174536
18.822847 0.143656
18.868478 0.142660
18.914109 0.155355
18.959741 0.133520
19.005372 0.129182
19.051003 0.122373
19.096634 0.120634
19.142265 0.124122
19.187896 0.134814
19.233527 0.126699
19.279159 0.121084
19.324790 0.120612
19.370421 0.118162
19.416052 0.155617
19.461683 0.161443
19.507314 0.163083
19.552945 0.156753
19.598577 0.162045
19.644208 0.127294
19.689839 0.097144
19.735470 0.076038
19.781101 0.073732
19.826732 0.086375
19.872363 0.100913
19.917995 0.139603
19.963626 0.162937
20.009257 0.115734
20.054888 0.070866
20.100519 0.057074
20.146150 0.060187
20.191781 0.056148
20.237413 0.059369
20.283044 0.053810
20.328675 0.056750
20.374306 0.063126
20.419937 0.055468
20.465568 0.048939
20.511199 0.057068
20.556831 0.063827
20.602462 0.099460
20.648093 0.134272
20.693724 0.093805
20.739355 0.057021
20.784986 0.048573
20.830617 0.040457
20.876249 0.035165
20.921880 0.037838
20.967511 0.038037
21.013142 0.033837
21.058773 0.029418
21.104404 0.026044
21.150035 0.029064
21.195667 0.034544
21.241298 0.039361
21.286929 0.034603
21.332560 0.029920
21.378191 0.027052
21.423822 0.034289
21.469453 0.041369
21.515085 0.032051
21.560716 0.029731
21.606347 0.023378
21.651978 0.022389
21.697609 0.023928
21.743240 0.027586
21.788871 0.038820
21.834503 0.039772
21.880134 0.038819
21.925765 0.031501
21.971396 0.027483
22.017027 0.030865
22.062658 0.035545
22.108290 0.032601
22.153921 0.024989
22.199552 0.021259
22.245183 0.023041
22.290814 0.024932
22.336445 0.024279
22.382076 0.021310
22.427708 0.021880
22.473339 0.019592
22.518970 0.017288
22.564601 0.014492
22.610232 0.020451
22.655863 0.023623
22.701494 0.019045
22.747126 0.014408
22.792757 0.015745
22.838388 0.020368
22.884019 0.015209
22.929650 0.011176
22.975281 0.015594
23.020912 0.023273
23.066544 0.023636
23.112175 0.018963
23.157806 0.017306
23.203437 0.017856
23.249068 0.020122
23.294699 0.018941
23.340330 0.018517
23.385962 0.017891
23.431593 0.018164
23.477224 0.019737
23.522855 0.015078
23.568486 0.018785
23.614117 0.020522
23.659748 0.019205
23.705380 0.018073
23.751011 0.017037
23.796642 0.013316
23.842273 0.011271
23.887904 0.020570
23.933535 0.020649
23.979166 0.020549
24.024798 0.021389
24.070429 0.014545
24.116060 0.025039
24.161691 0.088146
24.207322 0.314670
24.252953 1.365376
24.298584 6.038743
24.344216 21.851816
24.389847 37.652237
24.435478 27.854790
24.481109 9.259609
24.526740 2.243256
24.572371 0.489460
24.618002 0.108913
24.663634 0.041679
24.709265 0.022670
24.754896 0.016652
24.800527 0.019448
24.846158 0.013325
24.891789 0.011336
24.937420 0.012905
24.983052 0.016697
25.028683 0.010303
25.074314 0.007255
25.119945 0.007130
25.165576 0.006915
25.211207 0.008507
25.256838 0.008448
25.302470 0.012397
25.348101 0.013426
25.393732 0.022113
25.439363 0.067989
25.484994 0.235965
25.530625 0.442267
25.576256 0.350663
25.621888 0.135284
25.667519 0.046479
25.713150 0.017353
25.758781 0.006785
25.804412 0.004923
25.850043 0.008886
25.895675 0.013877
25.941306 0.030068
25.986937 0.120647
26.032568 0.643689
26.078199 3.096326
26.123830 9.795065
26.169461 14.029022
26.215093 7.928056
26.260724 2.002905
26.306355 0.411627
26.351986 0.078034
26.397617 0.020435
26.443248 0.009870
26.488879 0.004756
26.534511 0.003746
26.580142 0.005365
26.625773 0.005429
26.671404 0.007909
26.717035 0.006797
26.762666 0.004862
26.808297 0.005526
26.853929 0.005468
26.899560 0.003413
26.945191 0.002115
26.990822 0.002809
27.036453 0.003712
27.082084 0.003990
27.127715 0.003126
27.173347 0.002826
27.218978 0.000983
27.264609 0.001668
27.310240 0.006318
27.355871 0.004482
27.401502 0.001792
27.447133 0.002204
27.492765 0.004637
27.538396 0.005270
27.584027 0.004517
27.629658 0.003481
27.675289 0.003787
27.720920 0.003578
27.766551 0.002905
27.812183 0.002004
27.857814 0.003299
27.903445 0.005835
27.949076 0.004858
27.994707 0.002841
28.040338 0.002924
28.085969 0.004159
28.131601 0.004666
28.177232 0.006009
28.222863 0.004609
28.268494 0.004615
28.314125 0.005065
28.359756 0.005163
28.405387 0.004189
28.451019 0.003170
28.496650 0.004142
28.542281 0.005451
28.587912 0.012604
28.633543 0.055877
28.679174 0.337294
28.724805 0.671274
28.770437 0.551538
28.816068 0.192498
28.861699 0.032870
28.907330 0.006928
28.952961 0.002717
28.998592 0.003320
29.044223 0.005597
29.089855 0.005880
29.135486 0.006629
29.181117 0.006981
29.226748 0.004424
29.272379 0.004233
29.318010 0.005057
29.363641 0.003538
29.409273 0.004903
29.454904 0.005572
29.500535 0.006400
29.546166 0.005960
29.591797 0.014867
29.637428 0.096988
29.683059 0.553094
29.728691 2.763886
29.774322 11.626100
29.819953 32.025249
29.865584 37.271950
29.911215 17.273111
29.956846 4.464639
30.002478 0.911079
30.048109 0.154565
30.093740 0.030277
30.139371 0.015080
30.185002 0.011920
30.230633 0.009275
30.276264 0.004852
30.321896 0.004158
30.367527 0.003237
30.413158 0.004455
30.458789 0.004658
30.504420 0.003296
30.550051 0.002870
30.595682 0.003815
30.641314 0.003343
30.686945 0.002696
30.732576 0.007074
30.778207 0.016419
30.823838 0.024101
30.869469 0.016980
30.915100 0.005890
30.960732 0.002459
31.006363 0.002633
31.051994 0.002126
31.097625 0.003620
31.143256 0.004299
31.188887 0.003406
31.234518 0.001758
31.280150 0.002033
31.325781 0.002529
31.371412 0.003270
31.417043 0.003049
31.462674 0.003464
31.508305 0.001059
31.553936 0.000729
31.599568 0.012564
31.645199 0.115610
31.690830 0.221064
31.736461 0.157530
31.782092 0.035112
31.827723 0.003597
31.873354 0.002421
31.918986 0.001091
31.964617 0.000536
32.010248 0.002001
32.055879 0.002202
32.101510 0.003082
32.147141 0.003109
32.192772 0.001998
32.238404 0.001439
32.284035 0.001126
32.329666 0.001238
32.375297 0.002787
32.420928 0.002886
32.466559 0.001389
32.512190 0.001013
32.557822 0.001588
32.603453 0.000759
32.649084 0.001404
32.694715 0.001473
32.740346 0.000909
32.785977 0.001199
32.831608 0.004077
32.877240 0.004228
32.922871 0.002225
32.968502 0.002018
33.014133 0.001562
33.059764 0.001814
33.105395 0.001070
33.151026 0.002063
33.196658 0.002230
33.242289 0.000481
33.287920 0.001847
33.333551 0.003789
33.379182 0.002270
33.424813 0.000850
33.470444 0.001379
33.516076 0.002025
33.561707 0.000998
33.607338 0.000874
33.652969 0.001644
33.698600 0.003287
33.744231 0.002687
33.789862 0.001217
33.835494 0.001585
33.881125 0.002023
33.926756 0.000616
33.972387 0.000519
34.018018 0.000610
34.063649 0.001138
34.109281 0.002887
34.154912 0.003055
34.200543 0.002608
34.246174 0.002499
34.291805 0.001515
34.337436 0.001000
34.383067 0.001241
34.428699 0.000758
34.474330 0.001222
34.519961 0.001823
34.565592 0.000995
34.611223 0.000807
34.656854 0.001304
34.702485 0.001055
34.748117 0.001610
34.793748 0.003586
34.839379 0.005092
34.885010 0.004140
34.930641 0.002755
34.976272 0.003397
35.021903 0.004964
35.067535 0.002749
35.113166 0.001653
35.158797 0.001842
35.204428 0.001512
35.250059 0.001492
35.295690 0.001343
35.341321 0.001899
35.386953 0.001904
35.432584 0.002331
35.478215 0.003607
35.523846 0.004440
35.569477 0.028011
35.615108 0.229620
35.660739 1.266538
35.706371 5.377007
35.752002 13.110142
35.797633 13.969200
35.843264 6.155681
35.888895 1.501911
35.934526 0.265997
35.980157 0.027323
36.025789 0.002829
36.071420 0.000907
36.117051 0.001684
36.162682 0.003616
36.208313 0.004339
36.253944 0.003380
36.299575 0.002601
36.345207 0.001433
36.390838 0.001682
36.436469 0.000783
36.482100 0.000458
36.527731 0.000930
36.573362 0.003379
36.618993 0.004364
36.664625 0.002870
36.710256 0.000545
36.755887 0.002020
36.801518 0.004112
36.847149 0.002440
36.892780 0.001988
36.938411 0.001797
36.984043 0.001755
37.029674 0.001903
37.075305 0.002575
37.120936 0.003116
37.166567 0.003063
37.212198 0.001458
37.257829 0.001021
37.303461 0.001974
37.349092 0.001204
37.394723 0.001354
37.440354 0.002680
37.485985 0.003419
37.531616 0.002253
37.577247 0.001323
37.622879 0.003387
37.668510 0.011380
37.714141 0.026133
37.759772 0.033681
37.805403 0.013094
37.851034 0.002029
37.896666 0.000716
37.942297 0.002734
37.987928 0.002585
38.033559 0.001411
38.079190 0.000311
38.124821 0.001231
38.170452 0.001289
38.216084 0.002345
38.261715 0.003108
38.307346 0.003437
38.352977 0.002789
38.398608 0.001977
38.444239 0.000678
38.489870 0.001955
38.535502 0.005238
38.581133 0.011618
38.626764 0.051277
38.672395 0.263026
38.718026 1.238396
38.763657 5.927709
38.809288 20.903357
38.854920 38.929863
38.900551 31.755827
38.946182 12.270072
38.991813 2.897053
39.037444 0.606920
39.083075 0.130758
39.128706 0.026689
39.174338 0.004265
39.219969 0.001729
39.265600 0.000847
39.311231 0.001593
39.356862 0.002225
39.402493 0.001724
39.448124 0.003071
39.493756 0.003758
39.539387 0.001467
39.585018 0.001273
39.630649 0.001553
39.676280 0.002833
39.721911 0.002295
39.767542 0.000635
39.813174 0.001912
39.858805 0.008169
39.904436 0.032105
39.950067 0.113851
39.995698 0.343613
40.041329 0.623763
40.086960 0.531969
40.132592 0.193342
40.178223 0.254207
40.223854 0.667228
40.269485 0.819490
40.315116 0.377759
40.360747 0.063465
40.406378 0.006294
40.452010 0.001765
40.497641 0.001115
40.543272 0.001751
40.588903 0.002252
40.634534 0.002647
40.680165 0.001475
40.725796 0.000256
40.771428 0.001465
40.817059 0.001477
40.862690 0.000796
40.908321 0.001057
40.953952 0.001278
40.999583 0.040817
41.045214 0.379176
41.090846 1.331043
41.136477 2.743371
41.182108 3.909628
41.227739 2.828321
41.273370 0.856487
41.319001 0.131686
41.364632 0.016251
41.410264 0.004525
41.455895 0.004645
41.501526 0.003432
41.547157 0.002320
41.592788 0.001836
41.638419 0.001330
41.684050 0.000693
41.729682 0.001086
41.775313 0.002229
41.820944 0.002889
41.866575 0.002015
41.912206 0.002717
41.957837 0.003106
42.003469 0.003892
42.049100 0.002806
42.094731 0.002220
42.140362 0.001775
42.185993 0.002749
42.231624 0.002664
42.277255 0.002722
42.322887 0.001390
42.368518 0.001508
42.414149 0.002068
42.459780 0.001189
42.505411 0.000887
42.551042 0.000382
42.596673 0.000617
42.642305 0.001434
42.687936 0.001044
42.733567 0.000469
42.779198 0.000945
42.824829 0.003158
42.870460 0.004194
42.916091 0.001795
42.961723 0.001540
43.007354 0.002050
43.052985 0.001751
43.098616 0.002717
43.144247 0.003854
43.189878 0.003110
43.235509 0.002956
43.281141 0.004446
43.326772 0.002223
43.372403 0.004316
43.418034 0.020866
43.463665 0.077721
43.509296 0.249021
43.554927 0.397006
43.600559 0.329196
43.646190 0.142974
43.691821 0.046490
43.737452 0.012126
43.783083 0.003983
43.828714 0.002945
43.874345 0.002651
43.919977 0.001714
43.965608 0.002393
44.011239 0.005504
44.056870 0.008209
44.102501 0.031002
44.148132 0.158480
44.193763 0.818071
44.239395 3.770292
44.285026 11.661754
44.330657 16.682842
44.376288 10.671381
44.421919 3.327435
44.467550 0.666953
44.513181 0.118263
44.558813 0.017356
44.604444 0.003955
44.650075 0.002762
44.695706 0.001465
44.741337 0.001605
44.786968 0.003886
44.832599 0.003938
44.878231 0.003705
44.923862 0.006264
44.969493 0.011495
45.015124 0.022951
45.060755 0.039669
45.106386 0.092695
45.152017 0.373458
45.197649 1.646596
45.243280 6.449539
45.288911 18.188494
45.334542 23.773643
45.380173 14.889902
45.425804 4.630959
45.471435 1.103948
45.517067 0.266953
45.562698 0.087255
45.608329 0.042481
45.653960 0.019197
45.699591 0.008807
45.745222 0.007955
45.790854 0.006168
45.836485 0.003746
45.882116 0.003713
45.927747 0.002371
45.973378 0.001108
46.019009 0.002346
46.064640 0.004067
46.110272 0.003467
46.155903 0.002385
46.201534 0.002961
46.247165 0.002332
46.292796 0.002417
46.338427 0.002744
46.384058 0.001886
46.429690 0.001750
46.475321 0.005813
46.520952 0.042178
46.566583 0.175675
46.612214 0.230602
46.657845 0.101494
46.703476 0.011979
46.749108 0.001458
46.794739 0.001021
46.840370 0.001289
46.886001 0.001196
46.931632 0.001040
46.977263 0.001425
47.022894 0.001842
47.068526 0.000797
47.114157 0.000478
47.159788 0.000948
47.205419 0.002215
47.251050 0.002724
47.296681 0.001758
47.342312 0.001808
47.387944 0.003151
47.433575 0.002912
47.479206 0.001857
47.524837 0.001359
47.570468 0.001467
47.616099 0.001257
47.661730 0.001307
47.707362 0.001643
47.752993 0.001877
47.798624 0.001629
47.844255 0.001119
47.889886 0.001619
47.935517 0.001112
47.981148 0.002135
48.026780 0.001580
48.072411 0.001747
48.118042 0.002241
48.163673 0.001541
48.209304 0.001885
48.254935 0.002752
48.300566 0.002473
48.346198 0.002183
48.391829 0.000511
48.437460 0.000784
48.483091 0.000612
48.528722 0.000951
48.574353 0.000791
48.619984 0.002453
48.665616 0.019605
48.711247 0.111756
48.756878 0.398833
48.802509 0.646044
48.848140 0.404288
48.893771 0.096547
48.939402 0.008831
48.985034 0.002268
49.030665 0.001985
49.076296 0.001849
49.121927 0.002535
49.167558 0.002027
49.213189 0.001782
49.258820 0.001511
49.304452 0.001408
49.350083 0.001631
49.395714 0.002369
49.441345 0.002499
49.486976 0.001553
49.532607 0.001782
49.578238 0.004374
49.623870 0.003439
49.669501 0.001853
49.715132 0.000804
49.760763 0.001929
49.806394 0.002381
49.852025 0.001570
49.897657 0.002577
49.943288 0.003027
49.988919 0.007643
50.034550 0.041229
50.080181 0.233713
50.125812 1.134944
50.171443 4.267893
50.217075 8.497292
50.262706 7.638100
50.308337 3.219280
50.353968 1.474790
50.399599 2.554128
50.445230 3.376027
50.490861 1.959613
50.536493 0.467468
50.582124 0.058226
50.627755 0.009413
50.673386 0.001982
50.719017 0.000932
50.764648 0.001505
50.810279 0.001655
50.855911 0.001148
50.901542 0.000943
50.947173 0.000407
50.992804 0.000695
51.038435 0.000946
51.084066 0.000989
51.129697 0.001521
51.175329 0.001778
51.220960 0.001769
51.266591 0.001578
51.312222 0.001805
51.357853 0.001964
51.403484 0.001167
51.449115 0.001422
51.494747 0.000853
51.540378 0.000128
51.586009 0.000168
51.631640 0.001001
51.677271 0.001604
51.722902 0.001094
51.768533 0.000695
51.814165 0.000630
51.859796 0.000248
51.905427 0.001191
51.951058 0.002079
51.996689 0.001565
52.042320 0.001644
52.087951 0.006956
52.133583 0.053726
52.179214 0.109573
52.224845 0.245335
52.270476 0.878157
52.316107 2.222739
52.361738 2.609528
52.407369 1.366765
52.453001 0.314009
52.498632 0.048520
52.544263 0.008409
52.589894 0.001294
52.635525 0.001882
52.681156 0.002362
52.726787 0.001697
52.772419 0.001076
52.818050 0.000554
52.863681 0.000451
52.909312 0.000923
52.954943 0.000792
53.000574 0.000789
53.046205 0.000538
53.091837 0.000243
53.137468 0.000346
53.183099 0.000090
53.228730 0.000505
53.274361 0.000619
53.319992 0.000600
53.365623 0.000373
53.411255 0.000488
53.456886 0.000447
53.502517 0.000519
53.548148 0.009565
53.593779 0.053545
53.639410 0.160576
53.685041 0.187214
53.730673 0.069082
53.776304 0.008358
53.821935 0.000358
53.867566 0.000154
53.913197 0.000000
53.958828 0.000000
54.004460 0.000000
54.050091 0.000579
54.095722 0.001968
54.141353 0.019988
54.186984 0.219042
54.232615 0.873504
54.278246 1.578208
54.323878 1.081380
54.369509 0.318824
54.415140 0.030935
54.460771 0.000761
54.506402 0.000653
54.552033 0.001843
54.597664 0.003462
54.643296 0.014301
54.688927 0.019333
54.734558 0.008855
54.780189 0.001550
54.825820 0.000915
54.871451 0.000732
54.917082 0.000698
54.962714 0.000457
55.008345 0.000617
55.053976 0.001054
55.099607 0.000361
55.145238 0.000100
55.190869 0.016677
55.236500 0.202786
55.282132 0.805889
55.327763 1.467403
55.373394 1.427921
55.419025 0.814206
55.464656 0.203833
55.510287 0.020887
55.555918 0.000155
55.601550 0.000109
55.647181 0.000412
55.692812 0.000169
55.738443 0.000000
55.784074 0.000000
55.829705 0.000000
55.875336 0.000000
55.920968 0.000110
55.966599 0.000326
56.012230 0.000188
56.057861 0.000000
56.103492 0.000000
56.149123 0.000000
56.194754 0.000198
56.240386 0.000366
56.286017 0.000279
56.331648 0.000428
56.377279 0.000093
56.422910 0.000000
56.468541 0.003925
56.514172 0.088857
56.559804 0.564932
56.605435 1.996341
56.651066 2.848319
56.696697 1.963901
56.742328 0.542127
56.787959 0.081146
56.833590 0.004835
56.879222 0.000000
56.924853 0.000000
56.970484 0.000000
57.016115 0.000000
57.061746 0.000000
57.107377 0.004570
57.153008 0.003841
57.198640 0.000082
57.244271 0.000000
57.289902 0.000000
57.335533 0.000845
57.381164 0.020640
57.426795 0.152443
57.472426 0.443810
57.518058 0.558403
57.563689 0.316058
57.609320 0.117809
57.654951 0.319492
57.700582 1.248126
57.746213 2.487657
57.791845 2.246487
57.837476 0.906002
57.883107 0.186692
57.928738 0.023024
57.974369 0.000885
58.020000 0.000000
58.065631 0.000000
58.111263 0.000000
58.156894 0.000000
58.202525 0.000000
58.248156 0.000000
58.293787 0.000000
58.339418 0.000000
58.385049 0.000000
58.430681 0.000000
58.476312 0.000000
58.521943 0.000000
58.567574 0.000281
58.613205 0.000313
58.658836 0.000002
58.704467 0.000000
58.750099 0.000000
58.795730 0.000000
58.841361 0.000000
58.886992 0.000000
58.932623 0.000000
58.978254 0.000000
59.023885 0.000214
59.069517 0.003069
59.115148 0.015386
59.160779 0.037023
59.206410 0.040969
59.252041 0.021989
59.297672 0.005417
59.343303 0.000429
59.388935 0.000000
59.434566 0.001505
59.480197 0.009166
59.525828 0.038419
59.571459 0.198611
59.617090 1.031990
59.662721 3.608029
59.708353 7.935571
59.753984 7.191840
59.799615 3.267697
59.845246 0.783439
59.890877 0.141801
59.936508 0.030376
59.982139 0.004378
60.027771 0.000139
60.073402 0.000000
60.119033 0.000000
60.164664 0.000000
60.210295 0.000000
60.255926 0.000018
60.301557 0.000411
60.347189 0.000150
60.392820 0.000000
60.438451 0.000000
60.484082 0.000000
60.529713 0.000000
60.575344 0.000000
60.620975 0.000000
60.666607 0.000000
60.712238 0.000000
60.757869 0.000000
60.803500 0.000306
60.849131 0.000267
60.894762 0.000000
60.940393 0.000000
60.986025 0.000303
61.031656 0.002392
61.077287 0.017803
61.122918 0.110334
61.168549 0.302838
61.214180 0.383037
61.259811 0.194418
61.305443 0.041253
61.351074 0.003771
61.396705 0.000302
61.442336 0.000000
61.487967 0.000000
61.533598 0.000000
61.579229 0.000000
61.624861 0.000159
61.670492 0.000573
61.716123 0.000076
61.761754 0.000000
61.807385 0.000000
61.853016 0.000000
61.898648 0.000000
61.944279 0.000000
61.989910 0.000000
62.035541 0.000000
62.081172 0.000000
62.126803 0.000000
62.172434 0.000045
62.218066 0.003236
62.263697 0.071614
62.309328 0.557294
62.354959 2.090867
62.400590 3.776308
62.446221 3.233548
62.491852 1.256364
62.537484 0.234490
62.583115 0.024156
62.628746 0.000488
62.674377 0.000000
62.720008 0.000000
62.765639 0.000000
62.811270 0.000000
62.856902 0.000000
62.902533 0.000000
62.948164 0.000000
62.993795 0.000000
63.039426 0.000000
63.085057 0.006285
63.130688 0.033843
63.176320 0.063096
63.221951 0.043437
63.267582 0.012971
63.313213 0.036734
63.358844 0.209553
63.404475 0.478122
63.450106 0.476393
63.495738 0.193484
63.541369 0.037123
63.587000 0.002317
63.632631 0.000010
63.678262 0.000000
63.723893 0.000000
63.769524 0.000148
63.815156 0.000360
63.860787 0.000108
63.906418 0.002497
63.952049 0.011880
63.997680 0.020452
64.043311 0.011173
64.088942 0.001444
64.134574 0.000840
64.180205 0.001046
64.225836 0.000392
64.271467 0.000002
64.317098 0.000342
64.362729 0.000302
64.408360 0.000000
64.453992 0.000265
64.499623 0.000381
64.545254 0.000076
64.590885 0.000000
64.636516 0.000000
64.682147 0.000207
64.727778 0.000395
64.773410 0.000136
64.819041 0.000000
64.864672 0.000410
64.910303 0.001052
64.955934 0.000220
65.001565 0.000402
65.047196 0.000306
65.092828 0.000000
65.138459 0.000000
65.184090 0.000000
65.229721 0.000000
65.275352 0.000000
65.320983 0.000000
65.366614 0.000000
65.412246 0.000000
65.457877 0.000000
65.503508 0.000395
65.549139 0.000387
65.594770 0.000344
65.640401 0.000419
65.686033 0.000023
65.731664 0.000253
65.777295 0.000391
65.822926 0.000078
65.868557 0.000000
65.914188 0.000000
65.959819 0.000000
66.005451 0.003809
66.051082 0.015689
66.096713 0.022158
66.142344 0.030194
66.187975 0.035866
66.233606 0.021580
66.279237 0.003189
66.324869 0.000531
66.370500 0.000000
66.416131 0.000000
66.461762 0.001412
66.507393 0.032707
66.553024 0.210564
66.598655 0.595954
66.644287 0.714231
66.689918 0.415912
66.735549 0.148659
66.781180 0.056121
66.826811 0.018899
66.872442 0.002455
66.918073 0.000000
66.963705 0.000000
67.009336 0.000000
67.054967 0.000000
67.100598 0.000000
67.146229 0.002263
67.191860 0.004881
67.237491 0.002512
67.283123 0.000300
67.328754 0.000000
67.374385 0.000000
67.420016 0.000000
67.465647 0.000000
67.511278 0.000000
67.556909 0.000000
67.602541 0.000042
67.648172 0.000469
67.693803 0.006112
67.739434 0.056045
67.785065 0.234301
67.830696 0.377895
67.876327 0.278426
67.921959 0.092061
67.967590 0.010844
68.013221 0.000103
68.058852 0.000324
68.104483 0.000485
68.150114 0.000572
68.195745 0.000446
68.241377 0.000000
68.287008 0.000000
68.332639 0.000000
68.378270 0.000000
68.423901 0.004229
68.469532 0.058274
68.515163 0.416267
68.560795 1.459029
68.606426 2.341910
68.652057 1.859244
68.697688 0.888885
68.743319 0.682759
68.788950 0.762415
68.834581 0.457195
68.880213 0.137296
68.925844 0.026932
68.971475 0.002404
69.017106 0.000000
69.062737 0.001167
69.108368 0.021605
69.153999 0.157109
69.199631 0.655352
69.245262 1.248819
69.290893 1.208711
69.336524 0.580417
69.382155 0.123777
69.427786 0.012662
69.473417 0.000429
69.519049 0.000561
69.564680 0.000237
69.610311 0.000000
69.655942 0.000000
69.701573 0.000000
69.747204 0.000000
69.792836 0.000585
69.838467 0.001436
69.884098 0.000604
69.929729 0.000000
69.975360 0.000000
70.020991 0.000097
70.066622 0.001904
70.112254 0.005026
70.157885 0.002630
70.203516 0.000000
70.249147 0.000000
70.294778 0.000000
70.340409 0.000000
70.386040 0.000000
70.431672 0.000000
70.477303 0.000000
70.522934 0.000000
70.568565 0.000000
70.614196 0.009573
70.659827 0.106842
70.705458 0.350813
70.751090 0.508419
70.796721 0.316831
70.842352 0.079769
70.887983 0.007049
70.933614 0.000000
70.979245 0.000000
71.024876 0.000000
71.070508 0.000000
71.116139 0.000000
71.161770 0.000000
71.207401 0.000000
71.253032 0.000000
71.298663 0.000000
71.344294 0.000000
71.389926 0.000000
71.435557 0.000000
71.481188 0.018248
71.526819 0.139643
71.572450 0.336655
71.618081 0.377290
71.663712 0.195055
71.709344 0.038778
71.754975 0.003985
71.800606 0.000000
71.846237 0.000000
71.891868 0.000000
71.937499 0.000698
71.983130 0.000663
72.028762 0.000000
72.074393 0.000000
72.120024 0.000000
72.165655 0.000000
72.211286 0.000000
72.256917 0.000000
72.302548 0.000000
72.348180 0.000000
72.393811 0.003243
72.439442 0.067439
72.485073 0.488879
72.530704 1.457787
72.576335 2.260777
72.621966 1.709619
72.667598 0.575852
72.713229 0.087634
72.758860 0.004711
72.804491 0.000000
72.850122 0.000693
72.895753 0.000859
72.941384 0.000043
72.987016 0.000000
73.032647 0.000000
73.078278 0.005817
73.123909 0.069267
73.169540 0.337747
73.215171 0.692195
73.260802 0.668089
73.306434 0.292891
73.352065 0.040113
73.397696 0.001312
73.443327 0.003377
73.488958 0.097369
73.534589 0.408006
73.580220 0.747678
73.625852 0.712107
73.671483 0.357935
73.717114 0.096007
73.762745 0.011741
73.808376 0.000000
73.854007 0.000505
73.899639 0.002739
73.945270 0.002569
73.990901 0.001017
74.036532 0.003739
74.082163 0.003375
74.127794 0.000728
74.173425 0.003105
74.219057 0.005206
74.264688 0.004508
74.310319 0.005382
74.355950 0.001526
74.401581 0.000000
74.447212 0.000000
74.492843 0.000361
74.538475 0.000815
74.584106 0.000342
74.629737 0.000000
74.675368 0.000000
74.720999 0.000000
74.766630 0.000358
74.812261 0.018444
74.857893 0.181181
74.903524 0.960327
74.949155 2.392256
74.994786 3.237304
75.040417 2.299004
75.086048 0.847142
75.131679 0.156821
75.177311 0.011381
75.222942 0.000000
75.268573 0.000000
75.314204 0.000000
75.359835 0.001160
75.405466 0.009231
75.451097 0.031657
75.496729 0.052592
75.542360 0.042628
75.587991 0.013855
75.633622 0.000208
75.679253 0.000000
75.724884 0.000000
75.770515 0.000000
75.816147 0.002319
75.861778 0.002083
75.907409 0.000000
75.953040 0.000000
75.998671 0.000000
76.044302 0.000610
76.089933 0.000936
76.135565 0.000555
76.181196 0.009149
76.226827 0.022728
76.272458 0.018735
76.318089 0.006687
76.363720 0.001611
76.409351 0.019924
76.454983 0.107811
76.500614 0.189215
76.546245 0.143916
76.591876 0.048093
76.637507 0.005384
76.683138 0.000000
76.728769 0.000000
76.774401 0.000000
76.820032 0.000000
76.865663 0.000882
76.911294 0.003440
76.956925 0.025846
77.002556 0.122438
77.048187 0.495908
77.093819 1.500069
77.139450 2.565997
77.185081 2.413677
77.230712 1.222705
77.276343 0.309813
77.321974 0.069229
77.367605 0.014487
77.413237 0.000000
77.458868 0.000000
77.504499 0.000000
77.550130 0.000000
77.595761 0.000000
77.641392 0.000000
77.687024 0.000000
77.732655 0.003959
77.778286 0.012003
77.823917 0.021920
77.869548 0.097161
77.915179 0.343077
77.960810 0.667424
78.006442 0.755469
78.052073 0.712629
78.097704 0.865386
78.143335 0.834980
78.188966 0.438618
78.234597 0.099120
78.280228 0.006409
78.325860 0.000000
78.371491 0.004899
78.417122 0.072176
78.462753 0.356059
78.508384 0.897385
78.554015 1.240618
78.599646 0.922619
78.645278 0.375584
78.690909 0.069711
78.736540 0.001955
78.782171 0.000000
78.827802 0.000000
78.873433 0.000000
78.919064 0.000000
78.964696 0.000000
79.010327 0.000000
79.055958 0.000000
79.101589 0.000000
79.147220 0.000000
79.192851 0.000000
79.238482 0.000000
79.284114 0.000000
79.329745 0.000000
79.375376 0.000000
79.421007 0.000000
79.466638 0.000000
79.512269 0.000000
79.557900 0.000000
79.603532 0.000000
79.649163 0.000000
79.694794 0.000000
79.740425 0.000000
79.786056 0.000000
79.831687 0.000000
79.877318 0.000000
79.922950 0.000000
79.968581 0.000000
80.014212 0.000000
80.059843 0.000765
80.105474 0.002086
80.151105 0.001025
80.196736 0.000000
80.242368 0.000000
80.287999 0.000000
80.333630 0.000000
80.379261 0.000000
80.424892 0.000000
80.470523 0.000000
80.516154 0.001966
80.561786 0.002949
80.607417 0.000530
80.653048 0.000000
80.698679 0.000000
80.744310 0.000000
80.789941 0.000000
80.835572 0.000000
80.881204 0.000000
80.926835 0.000000
80.972466 0.000000
81.018097 0.000000
81.063728 0.000000
81.109359 0.000000
81.154990 0.000000
81.200622 0.000000
81.246253 0.000000
81.291884 0.000000
81.337515 0.017019
81.383146 0.091730
81.428777 0.249939
81.474408 0.357915
81.520040 0.257485
81.565671 0.125980
81.611302 0.078818
81.656933 0.037169
81.702564 0.007182
81.748195 0.000000
81.793827 0.000000
81.839458 0.000000
81.885089 0.000000
81.930720 0.000000
81.976351 0.000000
82.021982 0.000000
82.067613 0.000000
82.113245 0.004026
82.158876 0.034580
82.204507 0.110679
82.250138 0.188645
82.295769 0.165538
82.341400 0.062461
82.387031 0.018527
82.432663 0.010578
82.478294 0.006371
82.523925 0.002290
82.569556 0.000000
82.615187 0.000000
82.660818 0.000000
82.706449 0.000000
82.752081 0.000000
82.797712 0.000000
82.843343 0.000000
82.888974 0.000000
82.934605 0.000000
82.980236 0.000000
83.025867 0.000000
83.071499 0.000000
83.117130 0.000000
83.162761 0.000000
83.208392 0.000000
83.254023 0.000000
83.299654 0.000000
83.345285 0.000000
83.390917 0.000000
83.436548 0.001460
83.482179 0.002487
83.527810 0.004704
83.573441 0.005016
83.619072 0.000116
83.664703 0.000000
83.710335 0.001325
83.755966 0.002375
83.801597 0.000645
83.847228 0.000000
83.892859 0.000000
83.938490 0.000000
83.984121 0.000000
84.029753 0.000314
84.075384 0.002486
84.121015 0.001828
84.166646 0.000000
84.212277 0.002876
84.257908 0.014543
84.303539 0.031505
84.349171 0.025633
84.394802 0.008578
84.440433 0.005052
84.486064 0.005744
84.531695 0.000732
84.577326 0.000000
84.622957 0.000000
84.668589 0.006848
84.714220 0.011414
84.759851 0.002747
84.805482 0.002913
84.851113 0.002422
84.896744 0.000000
84.942375 0.000000
84.988007 0.000000
85.033638 0.000000
85.079269 0.000000
85.124900 0.000000
85.170531 0.003000
85.216162 0.002850
85.261793 0.000000
85.307425 0.000000
85.353056 0.000000
85.398687 0.000000
85.444318 0.000000
85.489949 0.000000
85.535580 0.000000
85.581212 0.000000
85.626843 0.000000
85.672474 0.000000
85.718105 0.000000
85.763736 0.000000
85.809367 0.000000
85.854998 0.000231
85.900630 0.003849
85.946261 0.002978
85.991892 0.000000
86.037523 0.000000
86.083154 0.000000
86.128785 0.000956
86.174416 0.018319
86.220048 0.074156
86.265679 0.150738
86.311310 0.145164
86.356941 0.098112
86.402572 0.194988
86.448203 0.305579
86.493834 0.270915
86.539466 0.117677
86.585097 0.023975
86.630728 0.001380
86.676359 0.000000
86.721990 0.000000
86.767621 0.000000
86.813252 0.000000
86.858884 0.000000
86.904515 0.000000
86.950146 0.000000
86.995777 0.000000
87.041408 0.000000
87.087039 0.000000
87.132670 0.000000
87.178302 0.000000
87.223933 0.000000
87.269564 0.000000
87.315195 0.000000
87.360826 0.000000
87.406457 0.000000
87.452088 0.000000
87.497720 0.000000
87.543351 0.000000
87.588982 0.000000
87.634613 0.000000
87.680244 0.000000
87.725875 0.000000
87.771506 0.000000
87.817138 0.000000
87.862769 0.000000
87.908400 0.000000
87.954031 0.000000
87.999662 0.000000
88.045293 0.000000
88.090924 0.000000
88.136556 0.000000
88.182187 0.000000
88.227818 0.000000
88.273449 0.000000
88.319080 0.000000
88.364711 0.000000
88.410342 0.000000
88.455974 0.000000
88.501605 0.000000
88.547236 0.000000
88.592867 0.000000
88.638498 0.047878
88.684129 0.167711
88.729760 0.136265
88.775392 0.028155
88.821023 0.000000
88.866654 0.000000
88.912285 0.000000
88.957916 0.000000
89.003547 0.000000
89.049178 0.000000
89.094810 0.000000
89.140441 0.000000
89.186072 0.000000
89.231703 0.000000
89.277334 0.000000
89.322965 0.000000
89.368596 0.000000
89.414228 0.000000
89.459859 0.000000
89.505490 0.000000
89.551121 0.000000
89.596752 0.000000
89.642383 0.000000
89.688015 0.000000
89.733646 0.000000
89.779277 0.000000
89.824908 0.000000
89.870539 0.000000
89.916170 0.000000
89.961801 0.000000
90.007433 0.000000
90.053064 0.000000
90.098695 0.000000
90.144326 0.000000
90.189957 0.000000
90.235588 0.000000
90.281219 0.000000
90.326851 0.000000
90.372482 0.000000
90.418113 0.000000
90.463744 0.000000
90.509375 0.000000
90.555006 0.000000
90.600637 0.000000
90.646269 0.000000
90.691900 0.000000
90.737531 0.000000
90.783162 0.000000
90.828793 0.000000
90.874424 0.000000
90.920055 0.000000
90.965687 0.000000
91.011318 0.000000
91.056949 0.000000
91.102580 0.000000
91.148211 0.000000
91.193842 0.000000
91.239473 0.000000
