0.022816 0.000000
0.068447 0.000000
0.114078 0.000000
0.159709 0.000000
0.205340 0.000000
0.250971 0.000000
0.296602 0.000000
0.342234 0.000000
0.387865 0.000000
0.433496 0.000000
0.479127 0.000000
0.524758 0.000000
0.570389 0.000000
0.616020 0.000000
0.661652 0.000000
0.707283 0.000000
0.752914 0.000000
0.798545 0.000000
0.844176 0.000000
0.889807 0.000000
0.935438 0.000000
0.981070 0.000000
1.026701 0.000000
1.072332 0.000000
1.117963 0.000000
1.163594 0.000000
1.209225 0.000000
1.254856 0.000000
1.300488 0.000000
1.346119 0.000000
1.391750 0.000000
1.437381 0.000000
1.483012 0.000000
1.528643 0.000000
1.574274 0.000000
1.619906 0.000000
1.665537 0.000000
1.711168 0.000000
1.756799 0.000000
1.802430 0.000000
1.848061 0.000000
1.893692 0.000000
1.939324 0.000000
1.984955 0.000000
2.030586 0.000000
2.076217 0.000000
2.121848 0.000000
2.167479 0.000000
2.213111 0.000000
2.258742 0.000000
2.304373 0.000000
2.350004 0.000000
2.395635 0.000000
2.441266 0.000000
2.486897 0.000000
2.532529 0.000000
2.578160 0.000000
2.623791 0.000000
2.669422 0.015515
2.715053 0.022474
2.760684 0.024045
2.806315 0.038297
2.851947 0.046834
2.897578 0.110458
2.943209 0.179400
2.988840 0.272146
3.034471 0.317528
3.080102 0.414960
3.125733 0.549379
3.171365 0.599680
3.216996 0.630689
3.262627 0.752137
3.308258 0.930433
3.353889 0.994216
3.399520 0.997323
3.445151 1.035586
3.490783 1.033331
3.536414 1.062335
3.582045 1.132345
3.627676 1.254194
3.673307 1.231341
3.718938 1.337770
3.764569 1.425972
3.810201 1.438324
3.855832 1.360291
3.901463 1.273790
3.947094 1.274812
3.992725 1.264870
4.038356 1.288971
4.083987 1.193201
4.129619 1.139959
4.175250 1.153638
4.220881 1.115830
4.266512 1.193789
4.312143 1.229212
4.357774 1.195286
4.403405 1.195337
4.449037 1.156543
4.494668 1.100560
4.540299 1.079539
4.585930 1.007689
4.631561 1.035712
4.677192 1.102265
4.722823 1.100026
4.768455 1.031488
4.814086 0.988119
4.859717 0.970977
4.905348 0.814094
4.950979 0.859194
4.996610 0.898087
5.042241 0.819590
5.087873 0.791712
5.133504 0.826301
5.179135 0.795880
5.224766 0.731922
5.270397 0.749160
5.316028 0.811101
5.361659 0.740832
5.407291 0.667633
5.452922 0.680400
5.498553 0.740805
5.544184 0.810266
5.589815 0.787181
5.635446 0.765337
5.681077 0.677210
5.726709 0.625948
5.772340 0.650631
5.817971 0.697212
5.863602 0.656113
5.909233 0.555976
5.954864 0.515189
6.000496 0.538650
6.046127 0.545928
6.091758 0.535066
6.137389 0.507219
6.183020 0.525893
6.228651 0.586146
6.274282 0.578863
6.319914 0.501318
6.365545 0.471357
6.411176 0.489621
6.456807 0.498659
6.502438 0.543432
6.548069 0.519242
6.593700 0.451990
6.639332 0.482637
6.684963 0.472181
6.730594 0.456072
6.776225 0.486669
6.821856 0.510921
6.867487 0.510483
6.913118 0.440515
6.958750 0.400971
7.004381 0.409696
7.050012 0.379335
7.095643 0.417468
7.141274 0.408884
7.186905 0.401943
7.232536 0.487602
7.278168 0.582227
7.323799 0.809160
7.369430 1.231587
7.415061 1.137535
7.460692 0.679104
7.506323 0.503686
7.551954 0.420465
7.597586 0.390375
7.643217 0.417641
7.688848 0.398165
7.734479 0.386214
7.780110 0.396807
7.825741 0.396298
7.871372 0.425037
7.917004 0.410208
7.962635 0.403187
8.008266 0.396855
8.053897 0.363049
8.099528 0.344278
8.145159 0.388820
8.190790 0.410003
8.236422 0.377494
8.282053 0.379183
8.327684 0.362450
8.373315 0.367670
8.418946 0.404520
8.464577 0.422021
8.510208 0.355105
8.555840 0.308775
8.601471 0.324091
8.647102 0.336489
8.692733 0.316712
8.738364 0.337746
8.783995 0.350639
8.829626 0.344049
8.875258 0.342805
8.920889 0.355232
8.966520 0.333333
9.012151 0.336365
9.057782 0.327480
9.103413 0.323098
9.149044 0.309509
9.194676 0.312942
9.240307 0.305465
9.285938 0.289694
9.331569 0.287535
9.377200 0.284764
9.422831 0.290133
9.468462 0.281310
9.514094 0.335014
9.559725 0.335359
9.605356 0.294241
9.650987 0.300144
9.696618 0.323675
9.742249 0.293793
9.787880 0.288395
9.833512 0.297261
9.879143 0.289080
9.924774 0.305683
9.970405 0.299771
10.016036 0.286667
10.061667 0.297558
10.107299 0.272745
10.152930 0.267616
10.198561 0.285165
10.244192 0.274182
10.289823 0.293652
10.335454 0.293235
10.381085 0.293539
10.426717 0.322036
10.472348 0.313813
10.517979 0.284508
10.563610 0.276811
10.609241 0.331898
10.654872 0.388856
10.700503 0.332609
10.746135 0.306647
10.791766 0.305310
10.837397 0.325916
10.883028 0.355080
10.928659 0.349610
10.974290 0.358949
11.019921 0.352564
11.065553 0.361220
11.111184 0.359471
11.156815 0.400709
11.202446 0.438078
11.248077 0.404892
11.293708 0.405186
11.339339 0.430634
11.384971 0.450026
11.430602 0.403758
11.476233 0.381274
11.521864 0.428451
11.567495 0.463101
11.613126 0.489182
11.658757 0.472349
11.704389 0.462552
11.750020 0.446501
11.795651 0.479465
11.841282 0.522623
11.886913 0.516561
11.932544 0.523813
11.978175 0.585561
12.023807 0.610354
12.069438 0.607898
12.115069 0.585567
12.160700 0.649688
12.206331 0.659669
12.251962 0.654498
12.297593 0.625075
12.343225 0.633106
12.388856 0.678451
12.434487 0.740006
12.480118 0.805016
12.525749 0.837910
12.571380 0.890851
12.617011 0.911182
12.662643 0.896223
12.708274 0.951590
12.753905 1.136532
12.799536 1.165468
12.845167 1.141185
12.890798 1.166008
12.936429 1.189220
12.982061 1.286306
13.027692 1.265184
13.073323 1.247705
13.118954 1.314458
13.164585 1.379176
13.210216 1.472378
13.255847 1.497150
13.301479 1.539837
13.347110 1.671803
13.392741 1.781281
13.438372 1.790156
13.484003 1.754998
13.529634 1.810329
13.575265 1.830227
13.620897 1.898007
13.666528 1.935052
13.712159 2.048270
13.757790 2.124346
13.803421 2.078318
13.849052 2.165042
13.894683 2.315119
13.940315 2.435602
13.985946 2.448622
14.031577 2.507160
14.077208 2.558481
14.122839 2.598368
14.168470 2.730350
14.214102 2.727735
14.259733 2.690416
14.305364 2.752858
14.350995 2.790535
14.396626 2.858971
14.442257 2.854958
14.487888 2.976962
14.533520 2.992763
14.579151 2.937445
14.624782 2.962599
14.670413 2.917096
14.716044 2.946971
14.761675 3.004385
14.807306 3.063819
14.852938 3.169308
14.898569 3.046813
14.944200 3.016158
14.989831 3.085085
15.035462 3.075738
15.081093 3.052321
15.126724 3.064417
15.172356 3.085600
15.217987 3.037112
15.263618 3.119983
15.309249 3.321663
15.354880 3.473943
15.400511 3.348290
15.446142 3.219015
15.491774 3.104052
15.537405 2.936134
15.583036 2.702665
15.628667 2.583730
15.674298 2.607347
15.719929 2.557689
15.765560 2.429971
15.811192 2.356992
15.856823 2.312842
15.902454 2.296034
15.948085 2.228690
15.993716 2.157260
16.039347 2.111415
16.084978 2.068396
16.130610 2.010872
16.176241 1.878011
16.221872 1.831303
16.267503 1.794554
16.313134 1.759263
16.358765 1.685044
16.404396 1.569929
16.450028 1.476489
16.495659 1.474905
16.541290 1.486244
16.586921 1.424502
16.632552 1.405529
16.678183 1.401147
16.723814 1.269758
16.769446 1.210367
16.815077 1.267280
16.860708 1.212781
16.906339 1.058267
16.951970 0.965218
16.997601 0.936680
17.043232 0.945019
17.088864 0.967531
17.134495 0.935252
17.180126 0.853332
17.225757 0.822335
17.271388 0.843456
17.317019 0.819584
17.362650 0.761185
17.408282 0.742400
17.453913 0.737102
17.499544 0.698253
17.545175 0.659664
17.590806 0.635911
17.636437 0.614602
17.682068 0.723534
17.727700 0.979503
17.773331 1.988456
17.818962 5.813066
17.864593 17.030315
17.910224 26.227751
17.955855 17.319397
18.001487 5.859325
18.047118 1.961546
18.092749 0.842570
18.138380 0.499737
18.184011 0.391346
18.229642 0.340267
18.275273 0.322674
18.320905 0.327553
18.366536 0.293582
18.412167 0.300094
18.457798 0.318794
18.503429 0.371878
18.549060 0.415073
18.594691 0.383197
18.640323 0.305165
18.685954 0.262871
18.731585 0.232610
18.777216 0.190862
18.822847 0.177388
18.868478 0.186081
18.914109 0.179514
18.959741 0.192045
19.005372 0.209524
19.051003 0.187043
19.096634 0.182845
19.142265 0.169306
19.187896 0.146923
19.233527 0.153601
19.279159 0.178175
19.324790 0.193036
19.370421 0.157267
19.416052 0.156471
19.461683 0.189270
19.507314 0.202524
19.552945 0.193264
19.598577 0.177124
19.644208 0.167015
19.689839 0.129186
19.735470 0.117048
19.781101 0.121914
19.826732 0.119740
19.872363 0.113492
19.917995 0.142985
19.963626 0.175535
20.009257 0.161832
20.054888 0.112970
20.100519 0.097725
20.146150 0.091143
20.191781 0.086159
20.237413 0.077397
20.283044 0.078403
20.328675 0.070563
20.374306 0.057565
20.419937 0.062732
20.465568 0.063835
20.511199 0.070667
20.556831 0.083985
20.602462 0.114663
20.648093 0.144032
20.693724 0.131198
20.739355 0.094452
20.784986 0.069650
20.830617 0.070895
20.876249 0.065141
20.921880 0.052179
20.967511 0.050566
21.013142 0.057980
21.058773 0.055886
21.104404 0.050062
21.150035 0.045160
21.195667 0.051298
21.241298 0.047857
21.286929 0.041136
21.332560 0.035280
21.378191 0.040132
21.423822 0.040944
21.469453 0.045634
21.515085 0.044894
21.560716 0.043390
21.606347 0.033477
21.651978 0.034502
21.697609 0.039410
21.743240 0.038810
21.788871 0.049951
21.834503 0.048686
21.880134 0.045510
21.925765 0.048492
21.971396 0.042851
22.017027 0.036567
22.062658 0.033097
22.108290 0.031863
22.153921 0.035580
22.199552 0.048653
22.245183 0.047779
22.290814 0.041742
22.336445 0.036873
22.382076 0.039354
22.427708 0.036246
22.473339 0.032332
22.518970 0.032619
22.564601 0.028363
22.610232 0.026058
22.655863 0.021699
22.701494 0.020398
22.747126 0.020817
22.792757 0.024346
22.838388 0.028902
22.884019 0.032075
22.929650 0.031401
22.975281 0.019705
23.020912 0.014372
23.066544 0.021083
23.112175 0.022526
23.157806 0.021586
23.203437 0.024359
23.249068 0.023802
23.294699 0.023646
23.340330 0.026361
23.385962 0.022520
23.431593 0.026696
23.477224 0.029913
23.522855 0.026924
23.568486 0.022489
23.614117 0.021752
23.659748 0.027924
23.705380 0.027986
23.751011 0.028479
23.796642 0.032650
23.842273 0.032567
23.887904 0.033876
23.933535 0.026828
23.979166 0.025565
24.024798 0.028769
24.070429 0.032361
24.116060 0.035915
24.161691 0.078546
24.207322 0.249787
24.252953 0.731966
24.298584 2.686160
24.344216 11.389620
24.389847 33.237797
24.435478 51.441189
24.481109 31.941586
24.526740 9.716410
24.572371 2.286588
24.618002 0.629141
24.663634 0.207438
24.709265 0.075761
24.754896 0.032648
24.800527 0.027430
24.846158 0.025765
24.891789 0.019930
24.937420 0.020565
24.983052 0.020830
25.028683 0.015665
25.074314 0.014463
25.119945 0.011634
25.165576 0.012830
25.211207 0.013725
25.256838 0.012460
25.302470 0.015843
25.348101 0.023854
25.393732 0.028054
25.439363 0.039400
25.484994 0.102604
25.530625 0.362591
25.576256 0.649955
25.621888 0.510361
25.667519 0.183497
25.713150 0.055156
25.758781 0.024745
25.804412 0.013257
25.850043 0.008916
25.895675 0.011576
25.941306 0.012046
25.986937 0.029274
26.032568 0.180260
26.078199 0.993156
26.123830 4.442037
26.169461 12.204542
26.215093 14.454375
26.260724 7.213078
26.306355 1.849391
26.351986 0.357771
26.397617 0.078061
26.443248 0.022709
26.488879 0.014989
26.534511 0.009418
26.580142 0.008943
26.625773 0.013900
26.671404 0.018831
26.717035 0.017065
26.762666 0.006868
26.808297 0.008187
26.853929 0.012097
26.899560 0.013702
26.945191 0.010670
26.990822 0.005715
27.036453 0.007950
27.082084 0.009945
27.127715 0.007329
27.173347 0.005492
27.218978 0.004244
27.264609 0.004708
27.310240 0.005962
27.355871 0.004747
27.401502 0.005888
27.447133 0.007074
27.492765 0.006435
27.538396 0.006934
27.584027 0.005840
27.629658 0.006865
27.675289 0.006609
27.720920 0.005325
27.766551 0.003005
27.812183 0.003061
27.857814 0.006201
27.903445 0.005468
27.949076 0.002744
27.994707 0.003079
28.040338 0.006484
28.085969 0.009673
28.131601 0.007276
28.177232 0.005050
28.222863 0.003483
28.268494 0.005175
28.314125 0.006594
28.359756 0.006916
28.405387 0.004582
28.451019 0.005185
28.496650 0.007260
28.542281 0.005700
28.587912 0.003798
28.633543 0.006004
28.679174 0.017340
28.724805 0.122235
28.770437 0.311491
28.816068 0.271974
28.861699 0.071191
28.907330 0.010779
28.952961 0.005274
28.998592 0.004754
29.044223 0.003371
29.089855 0.002798
29.135486 0.003265
29.181117 0.004412
29.226748 0.006989
29.272379 0.007596
29.318010 0.005427
29.363641 0.002574
29.409273 0.002271
29.454904 0.007568
29.500535 0.010394
29.546166 0.006647
29.591797 0.007210
29.637428 0.022000
29.683059 0.094877
29.728691 0.551116
29.774322 2.798140
29.819953 11.859828
29.865584 31.273081
29.911215 34.251053
29.956846 16.451439
30.002478 4.110407
30.048109 0.818030
30.093740 0.137044
30.139371 0.032018
30.185002 0.010627
30.230633 0.006697
30.276264 0.005766
30.321896 0.004775
30.367527 0.005404
30.413158 0.004288
30.458789 0.002320
30.504420 0.004835
30.550051 0.003939
30.595682 0.004562
30.641314 0.006307
30.686945 0.004264
30.732576 0.004486
30.778207 0.006299
30.823838 0.021360
30.869469 0.028536
30.915100 0.010110
30.960732 0.005046
31.006363 0.005645
31.051994 0.005139
31.097625 0.002283
31.143256 0.003845
31.188887 0.006840
31.234518 0.004954
31.280150 0.001932
31.325781 0.001205
31.371412 0.001210
31.417043 0.002059
31.462674 0.003560
31.508305 0.003941
31.553936 0.003018
31.599568 0.006013
31.645199 0.031725
31.690830 0.164853
31.736461 0.309950
31.782092 0.190412
31.827723 0.042323
31.873354 0.003738
31.918986 0.002670
31.964617 0.004747
32.010248 0.006434
32.055879 0.005609
32.101510 0.001975
32.147141 0.003089
32.192772 0.002915
32.238404 0.002014
32.284035 0.003113
32.329666 0.004247
32.375297 0.004716
32.420928 0.003807
32.466559 0.002467
32.512190 0.005449
32.557822 0.007122
32.603453 0.003124
32.649084 0.002134
32.694715 0.006078
32.740346 0.006839
32.785977 0.006940
32.831608 0.005560
32.877240 0.003860
32.922871 0.002065
32.968502 0.001899
33.014133 0.000608
33.059764 0.002524
33.105395 0.002915
33.151026 0.002129
33.196658 0.003052
33.242289 0.002522
33.287920 0.003040
33.333551 0.004765
33.379182 0.004449
33.424813 0.001508
33.470444 0.001476
33.516076 0.004610
33.561707 0.003974
33.607338 0.001898
33.652969 0.002310
33.698600 0.002088
33.744231 0.002772
33.789862 0.001880
33.835494 0.002466
33.881125 0.003446
33.926756 0.002529
33.972387 0.001839
34.018018 0.001642
34.063649 0.002631
34.109281 0.002909
34.154912 0.001565
34.200543 0.003206
34.246174 0.003115
34.291805 0.003674
34.337436 0.003537
34.383067 0.003364
34.428699 0.005207
34.474330 0.004927
34.519961 0.002346
34.565592 0.003445
34.611223 0.003938
34.656854 0.003447
34.702485 0.003196
34.748117 0.003807
34.793748 0.002110
34.839379 0.003131
34.885010 0.004965
34.930641 0.004403
34.976272 0.003419
35.021903 0.003252
35.067535 0.002389
35.113166 0.002565
35.158797 0.003066
35.204428 0.005587
35.250059 0.005040
35.295690 0.004105
35.341321 0.004778
35.386953 0.004338
35.432584 0.005434
35.478215 0.008918
35.523846 0.015060
35.569477 0.035711
35.615108 0.098141
35.660739 0.401326
35.706371 1.709642
35.752002 6.847156
35.797633 19.933876
35.843264 24.230543
35.888895 13.102271
35.934526 3.625468
35.980157 0.864623
36.025789 0.215186
36.071420 0.070081
36.117051 0.027513
36.162682 0.008227
36.208313 0.003804
36.253944 0.005869
36.299575 0.005096
36.345207 0.004399
36.390838 0.004343
36.436469 0.003460
36.482100 0.003287
36.527731 0.005351
36.573362 0.004638
36.618993 0.002391
36.664625 0.001126
36.710256 0.000995
36.755887 0.001766
36.801518 0.002762
36.847149 0.001591
36.892780 0.002065
36.938411 0.003452
36.984043 0.004089
37.029674 0.005661
37.075305 0.003253
37.120936 0.003469
37.166567 0.003510
37.212198 0.002150
37.257829 0.000871
37.303461 0.001050
37.349092 0.001795
37.394723 0.003488
37.440354 0.004539
37.485985 0.004050
37.531616 0.003166
37.577247 0.001747
37.622879 0.001481
37.668510 0.002456
37.714141 0.003365
37.759772 0.004235
37.805403 0.003715
37.851034 0.001972
37.896666 0.002159
37.942297 0.001837
37.987928 0.001575
38.033559 0.002872
38.079190 0.002518
38.124821 0.004368
38.170452 0.003338
38.216084 0.003020
38.261715 0.002103
38.307346 0.002161
38.352977 0.004261
38.398608 0.003779
38.444239 0.003562
38.489870 0.004172
38.535502 0.003973
38.581133 0.004253
38.626764 0.012714
38.672395 0.042204
38.718026 0.168651
38.763657 0.813939
38.809288 3.702896
38.854920 14.426946
38.900551 36.715347
38.946182 39.800728
38.991813 19.613897
39.037444 5.145864
39.083075 1.171651
39.128706 0.260375
39.174338 0.059230
39.219969 0.011209
39.265600 0.005003
39.311231 0.006491
39.356862 0.004640
39.402493 0.004019
39.448124 0.003347
39.493756 0.003982
39.539387 0.002411
39.585018 0.002034
39.630649 0.003135
39.676280 0.002839
39.721911 0.000668
39.767542 0.000949
39.813174 0.001551
39.858805 0.001398
39.904436 0.003308
39.950067 0.006772
39.995698 0.019545
40.041329 0.063128
40.086960 0.129299
40.132592 0.125261
40.178223 0.061992
40.223854 0.069051
40.269485 0.333994
40.315116 0.555699
40.360747 0.334256
40.406378 0.083067
40.452010 0.011580
40.497641 0.002235
40.543272 0.001008
40.588903 0.000541
40.634534 0.001677
40.680165 0.002699
40.725796 0.001613
40.771428 0.000865
40.817059 0.001462
40.862690 0.001968
40.908321 0.002710
40.953952 0.001807
40.999583 0.003360
41.045214 0.026239
41.090846 0.265717
41.136477 1.022828
41.182108 1.979373
41.227739 3.329407
41.273370 3.252166
41.319001 1.501534
41.364632 0.308052
41.410264 0.041381
41.455895 0.004504
41.501526 0.001578
41.547157 0.001602
41.592788 0.002447
41.638419 0.002521
41.684050 0.002291
41.729682 0.001529
41.775313 0.001283
41.820944 0.003294
41.866575 0.003896
41.912206 0.003161
41.957837 0.001930
42.003469 0.002644
42.049100 0.003451
42.094731 0.002805
42.140362 0.001947
42.185993 0.002374
42.231624 0.001785
42.277255 0.000406
42.322887 0.000535
42.368518 0.003647
42.414149 0.003542
42.459780 0.003549
42.505411 0.002030
42.551042 0.001829
42.596673 0.000963
42.642305 0.001434
42.687936 0.002444
42.733567 0.003075
42.779198 0.003778
42.824829 0.004453
42.870460 0.002521
42.916091 0.002227
42.961723 0.001633
43.007354 0.003318
43.052985 0.004736
43.098616 0.002873
43.144247 0.002348
43.189878 0.002251
43.235509 0.004472
43.281141 0.006232
43.326772 0.005724
43.372403 0.004412
43.418034 0.003742
43.463665 0.010957
43.509296 0.041714
43.554927 0.129704
43.600559 0.330233
43.646190 0.520053
43.691821 0.436743
43.737452 0.212226
43.783083 0.073062
43.828714 0.022976
43.874345 0.009791
43.919977 0.003713
43.965608 0.001706
44.011239 0.003869
44.056870 0.004249
44.102501 0.004762
44.148132 0.008306
44.193763 0.034580
44.239395 0.250091
44.285026 1.638905
44.330657 6.597413
44.376288 13.222268
44.421919 12.626496
44.467550 5.276045
44.513181 1.209182
44.558813 0.181694
44.604444 0.024719
44.650075 0.006927
44.695706 0.003520
44.741337 0.003574
44.786968 0.003303
44.832599 0.003502
44.878231 0.003115
44.923862 0.003482
44.969493 0.004019
45.015124 0.003217
45.060755 0.002670
45.106386 0.007720
45.152017 0.036847
45.197649 0.199137
45.243280 0.939007
45.288911 4.082022
45.334542 13.403071
45.380173 24.406279
45.425804 20.115843
45.471435 7.969102
45.517067 2.036410
45.562698 0.455658
45.608329 0.088523
45.653960 0.027583
45.699591 0.018653
45.745222 0.012388
45.790854 0.005805
45.836485 0.002368
45.882116 0.002480
45.927747 0.002496
45.973378 0.002037
46.019009 0.002014
46.064640 0.003784
46.110272 0.003475
46.155903 0.002049
46.201534 0.002213
46.247165 0.003896
46.292796 0.002433
46.338427 0.002752
46.384058 0.002491
46.429690 0.000787
46.475321 0.001005
46.520952 0.001983
46.566583 0.020339
46.612214 0.127608
46.657845 0.302939
46.703476 0.246286
46.749108 0.067426
46.794739 0.006945
46.840370 0.001736
46.886001 0.001433
46.931632 0.000912
46.977263 0.002071
47.022894 0.003110
47.068526 0.002426
47.114157 0.001565
47.159788 0.001826
47.205419 0.001061
47.251050 0.000775
47.296681 0.000666
47.342312 0.001683
47.387944 0.003546
47.433575 0.003031
47.479206 0.001339
47.524837 0.001508
47.570468 0.001249
47.616099 0.001461
47.661730 0.001978
47.707362 0.001444
47.752993 0.001891
47.798624 0.002368
47.844255 0.002400
47.889886 0.001316
47.935517 0.000599
47.981148 0.001466
48.026780 0.002258
48.072411 0.001402
48.118042 0.002962
48.163673 0.002823
48.209304 0.001759
48.254935 0.002315
48.300566 0.002151
48.346198 0.001719
48.391829 0.003056
48.437460 0.001743
48.483091 0.000885
48.528722 0.001711
48.574353 0.002852
48.619984 0.002227
48.665616 0.001919
48.711247 0.002131
48.756878 0.019783
48.802509 0.153875
48.848140 0.497499
48.893771 0.645624
48.939402 0.336972
48.985034 0.059016
49.030665 0.006312
49.076296 0.001276
49.121927 0.001185
49.167558 0.000544
49.213189 0.000729
49.258820 0.000801
49.304452 0.001322
49.350083 0.002261
49.395714 0.002753
49.441345 0.002848
49.486976 0.002203
49.532607 0.001501
49.578238 0.001017
49.623870 0.001571
49.669501 0.002140
49.715132 0.002976
49.760763 0.002389
49.806394 0.001748
49.852025 0.002206
49.897657 0.002266
49.943288 0.000434
49.988919 0.001576
50.034550 0.005020
50.080181 0.011174
50.125812 0.052084
50.171443 0.278842
50.217075 1.425099
50.262706 5.163826
50.308337 9.024469
50.353968 7.455131
50.399599 3.020296
50.445230 1.828749
50.490861 3.083411
50.536493 3.436205
50.582124 1.731799
50.627755 0.391886
50.673386 0.055982
50.719017 0.007604
50.764648 0.002350
50.810279 0.002718
50.855911 0.001894
50.901542 0.001358
50.947173 0.001421
50.992804 0.001430
51.038435 0.001288
51.084066 0.002119
51.129697 0.002264
51.175329 0.001606
51.220960 0.001655
51.266591 0.002063
51.312222 0.001232
51.357853 0.000772
51.403484 0.000000
51.449115 0.000259
51.494747 0.000793
51.540378 0.000453
51.586009 0.000436
51.631640 0.000412
51.677271 0.000838
51.722902 0.001312
51.768533 0.001499
51.814165 0.001493
51.859796 0.001491
51.905427 0.001243
51.951058 0.001050
51.996689 0.001440
52.042320 0.000789
52.087951 0.000608
52.133583 0.006174
52.179214 0.041859
52.224845 0.109970
52.270476 0.170774
52.316107 0.282050
52.361738 1.019187
52.407369 1.975811
52.453001 1.715133
52.498632 0.541191
52.544263 0.102786
52.589894 0.014852
52.635525 0.003245
52.681156 0.003479
52.726787 0.001470
52.772419 0.000630
52.818050 0.001190
52.863681 0.000979
52.909312 0.001083
52.954943 0.001864
53.000574 0.000892
53.046205 0.000228
53.091837 0.000464
53.137468 0.001379
53.183099 0.002930
53.228730 0.001561
53.274361 0.000331
53.319992 0.000110
53.365623 0.000796
53.411255 0.000922
53.456886 0.000375
53.502517 0.001090
53.548148 0.000851
53.593779 0.000284
53.639410 0.003674
53.685041 0.043042
53.730673 0.129728
53.776304 0.153404
53.821935 0.070833
53.867566 0.011857
53.913197 0.001552
53.958828 0.000624
54.004460 0.000521
54.050091 0.000797
54.095722 0.001777
54.141353 0.001047
54.186984 0.002918
54.232615 0.037461
54.278246 0.316935
54.323878 1.151228
54.369509 1.619449
54.415140 0.999002
54.460771 0.239783
54.506402 0.024529
54.552033 0.001299
54.597664 0.001033
54.643296 0.002603
54.688927 0.018659
54.734558 0.069133
54.780189 0.082262
54.825820 0.031707
54.871451 0.005096
54.917082 0.000861
54.962714 0.000581
55.008345 0.000468
55.053976 0.000544
55.099607 0.002890
55.145238 0.001885
55.190869 0.000069
55.236500 0.003685
55.282132 0.059663
55.327763 0.398107
55.373394 1.246020
55.419025 1.857094
55.464656 1.673190
55.510287 0.932098
55.555918 0.262032
55.601550 0.031674
55.647181 0.001858
55.692812 0.000429
55.738443 0.000305
55.784074 0.000382
55.829705 0.000146
55.875336 0.000000
55.920968 0.000304
55.966599 0.000430
56.012230 0.000394
56.057861 0.000571
56.103492 0.000363
56.149123 0.000327
56.194754 0.000165
56.240386 0.000000
56.286017 0.000000
56.331648 0.000606
56.377279 0.000631
56.422910 0.000002
56.468541 0.000335
56.514172 0.001208
56.559804 0.012333
56.605435 0.100835
56.651066 0.662428
56.696697 2.001857
56.742328 2.873165
56.787959 1.901944
56.833590 0.586619
56.879222 0.084188
56.924853 0.008727
56.970484 0.001117
57.016115 0.000552
57.061746 0.000038
57.107377 0.003786
57.153008 0.003231
57.198640 0.000334
57.244271 0.000812
57.289902 0.000266
57.335533 0.000000
57.381164 0.000073
57.426795 0.001154
57.472426 0.034593
57.518058 0.257267
57.563689 0.669183
57.609320 0.812370
57.654951 0.430762
57.700582 0.151324
57.746213 0.392644
57.791845 1.591310
57.837476 2.968742
57.883107 2.582017
57.928738 1.011143
57.974369 0.204214
58.020000 0.020598
58.065631 0.001223
58.111263 0.000341
58.156894 0.000320
58.202525 0.000072
58.248156 0.000355
58.293787 0.000232
58.339418 0.000000
58.385049 0.000000
58.430681 0.000000
58.476312 0.000000
58.521943 0.000028
58.567574 0.000314
58.613205 0.000495
58.658836 0.000381
58.704467 0.000033
58.750099 0.000000
58.795730 0.000000
58.841361 0.000055
58.886992 0.000345
58.932623 0.000193
58.978254 0.000370
59.023885 0.001458
59.069517 0.001147
59.115148 0.000381
59.160779 0.005301
59.206410 0.026572
59.252041 0.062622
59.297672 0.068914
59.343303 0.034410
59.388935 0.008665
59.434566 0.000626
59.480197 0.000000
59.525828 0.000400
59.571459 0.013122
59.617090 0.038119
59.662721 0.143480
59.708353 0.893955
59.753984 3.492514
59.799615 6.451876
59.845246 6.193388
59.890877 2.669822
59.936508 0.593173
59.982139 0.077593
60.027771 0.003924
60.073402 0.000307
60.119033 0.000290
60.164664 0.000625
60.210295 0.000303
60.255926 0.000000
60.301557 0.000000
60.347189 0.000068
60.392820 0.000319
60.438451 0.000350
60.484082 0.000358
60.529713 0.000206
60.575344 0.000303
60.620975 0.000127
60.666607 0.000000
60.712238 0.000000
60.757869 0.000000
60.803500 0.000143
60.849131 0.000383
60.894762 0.000464
60.940393 0.000157
60.986025 0.000008
61.031656 0.001228
61.077287 0.000537
61.122918 0.000449
61.168549 0.019202
61.214180 0.135962
61.259811 0.458812
61.305443 0.608407
61.351074 0.387737
61.396705 0.098470
61.442336 0.010141
61.487967 0.000616
61.533598 0.000222
61.579229 0.000000
61.624861 0.000000
61.670492 0.000000
61.716123 0.000000
61.761754 0.000000
61.807385 0.000000
61.853016 0.000000
61.898648 0.000000
61.944279 0.000000
61.989910 0.000000
62.035541 0.000000
62.081172 0.000000
62.126803 0.000000
62.172434 0.000000
62.218066 0.000000
62.263697 0.000000
62.309328 0.003997
62.354959 0.064235
62.400590 0.497080
62.446221 1.977600
62.491852 3.776064
62.537484 3.479231
62.583115 1.580955
62.628746 0.318252
62.674377 0.025272
62.720008 0.000525
62.765639 0.000000
62.811270 0.000234
62.856902 0.000360
62.902533 0.000000
62.948164 0.000000
62.993795 0.000000
63.039426 0.000000
63.085057 0.000000
63.130688 0.000380
63.176320 0.003746
63.221951 0.014647
63.267582 0.031520
63.313213 0.025154
63.358844 0.007395
63.404475 0.032038
63.450106 0.202577
63.495738 0.452803
63.541369 0.467237
63.587000 0.224084
63.632631 0.040568
63.678262 0.002994
63.723893 0.000177
63.769524 0.000000
63.815156 0.000000
63.860787 0.000168
63.906418 0.000333
63.952049 0.000504
63.997680 0.000614
64.043311 0.001343
64.088942 0.002472
64.134574 0.000939
64.180205 0.000000
64.225836 0.000000
64.271467 0.000000
64.317098 0.000000
64.362729 0.000000
64.408360 0.000000
64.453992 0.000000
64.499623 0.000000
64.545254 0.000000
64.590885 0.000000
64.636516 0.000000
64.682147 0.000000
64.727778 0.000000
64.773410 0.000000
64.819041 0.000000
64.864672 0.000359
64.910303 0.000921
64.955934 0.000151
65.001565 0.000351
65.047196 0.000337
65.092828 0.000000
65.138459 0.000341
65.184090 0.000511
65.229721 0.000384
65.275352 0.000225
65.320983 0.000000
65.366614 0.000000
65.412246 0.000000
65.457877 0.000000
65.503508 0.000014
65.549139 0.000422
65.594770 0.000349
65.640401 0.000233
65.686033 0.001255
65.731664 0.001578
65.777295 0.001659
65.822926 0.001586
65.868557 0.001684
65.914188 0.001601
65.959819 0.001274
66.005451 0.002612
66.051082 0.004724
66.096713 0.014423
66.142344 0.024466
66.187975 0.025196
66.233606 0.030337
66.279237 0.034054
66.324869 0.014856
66.370500 0.001037
66.416131 0.000000
66.461762 0.000000
66.507393 0.000074
66.553024 0.002001
66.598655 0.026610
66.644287 0.161417
66.689918 0.496426
66.735549 0.726744
66.781180 0.542771
66.826811 0.224784
66.872442 0.086050
66.918073 0.032441
66.963705 0.005433
67.009336 0.000559
67.054967 0.000451
67.100598 0.000073
67.146229 0.000000
67.191860 0.000000
67.237491 0.000000
67.283123 0.000000
67.328754 0.000000
67.374385 0.000000
67.420016 0.000000
67.465647 0.000000
67.511278 0.000000
67.556909 0.000000
67.602541 0.000000
67.648172 0.000000
67.693803 0.000013
67.739434 0.002428
67.785065 0.022159
67.830696 0.114305
67.876327 0.438755
67.921959 0.763146
67.967590 0.651363
68.013221 0.268735
68.058852 0.049815
68.104483 0.004814
68.150114 0.000700
68.195745 0.000099
68.241377 0.000547
68.287008 0.000438
68.332639 0.000000
68.378270 0.000000
68.423901 0.000000
68.469532 0.000000
68.515163 0.000000
68.560795 0.009135
68.606426 0.152960
68.652057 0.856476
68.697688 1.911176
68.743319 2.071537
68.788950 1.186079
68.834581 0.638154
68.880213 0.660483
68.925844 0.516558
68.971475 0.210213
69.017106 0.039258
69.062737 0.007866
69.108368 0.002807
69.153999 0.000099
69.199631 0.001207
69.245262 0.031946
69.290893 0.216045
69.336524 0.568565
69.382155 0.631634
69.427786 0.315938
69.473417 0.068798
69.519049 0.004591
69.564680 0.000000
69.610311 0.000000
69.655942 0.000000
69.701573 0.000289
69.747204 0.000569
69.792836 0.000184
69.838467 0.000000
69.884098 0.000000
69.929729 0.000000
69.975360 0.000000
70.020991 0.000000
70.066622 0.000000
70.112254 0.000088
70.157885 0.007715
70.203516 0.019003
70.249147 0.015068
70.294778 0.003890
70.340409 0.000208
70.386040 0.000000
70.431672 0.000000
70.477303 0.000000
70.522934 0.000000
70.568565 0.000403
70.614196 0.000593
70.659827 0.000118
70.705458 0.002046
70.751090 0.059595
70.796721 0.262185
70.842352 0.425675
70.887983 0.300500
70.933614 0.084962
70.979245 0.004793
71.024876 0.000000
71.070508 0.000000
71.116139 0.000000
71.161770 0.000000
71.207401 0.000000
71.253032 0.000000
71.298663 0.000000
71.344294 0.000000
71.389926 0.000000
71.435557 0.000000
71.481188 0.000000
71.526819 0.000301
71.572450 0.009327
71.618081 0.066126
71.663712 0.210026
71.709344 0.321704
71.754975 0.275401
71.800606 0.130907
71.846237 0.034256
71.891868 0.003963
71.937499 0.000000
71.983130 0.000000
72.028762 0.000000
72.074393 0.000000
72.120024 0.000000
72.165655 0.000000
72.211286 0.000000
72.256917 0.000000
72.302548 0.000000
72.348180 0.000000
72.393811 0.000000
72.439442 0.000000
72.485073 0.000057
72.530704 0.029755
72.576335 0.325549
72.621966 1.258545
72.667598 2.364475
72.713229 2.305190
72.758860 1.130419
72.804491 0.230172
72.850122 0.016941
72.895753 0.000335
72.941384 0.000000
72.987016 0.000000
73.032647 0.000000
73.078278 0.000000
73.123909 0.000000
73.169540 0.000000
73.215171 0.009871
73.260802 0.101062
73.306434 0.362992
73.352065 0.538553
73.397696 0.361316
73.443327 0.091769
73.488958 0.004718
73.534589 0.006942
73.580220 0.093595
73.625852 0.459761
73.671483 1.036558
73.717114 1.254905
73.762745 0.768663
73.808376 0.211771
73.854007 0.023548
73.899639 0.000000
73.945270 0.000000
73.990901 0.000000
74.036532 0.000000
74.082163 0.000000
74.127794 0.000000
74.173425 0.003105
74.219057 0.004904
74.264688 0.004842
74.310319 0.006343
74.355950 0.001726
74.401581 0.000000
74.447212 0.000000
74.492843 0.000000
74.538475 0.000000
74.584106 0.000000
74.629737 0.000000
74.675368 0.000000
74.720999 0.000000
74.766630 0.000000
74.812261 0.000000
74.857893 0.000000
74.903524 0.001843
74.949155 0.048377
74.994786 0.319781
75.040417 1.242465
75.086048 2.489470
75.131679 2.589899
75.177311 1.405262
75.222942 0.384391
75.268573 0.045690
75.314204 0.001375
75.359835 0.000000
75.405466 0.000000
75.451097 0.000000
75.496729 0.000000
75.542360 0.000000
75.587991 0.000000
75.633622 0.000000
75.679253 0.000507
75.724884 0.000894
75.770515 0.000275
75.816147 0.000000
75.861778 0.000000
75.907409 0.000000
75.953040 0.000000
75.998671 0.000000
76.044302 0.000000
76.089933 0.000000
76.135565 0.000000
76.181196 0.000000
76.226827 0.000354
76.272458 0.003058
76.318089 0.008566
76.363720 0.014612
76.409351 0.008260
76.454983 0.000586
76.500614 0.015747
76.546245 0.091307
76.591876 0.215673
76.637507 0.274884
76.683138 0.193024
76.728769 0.061251
76.774401 0.006038
76.820032 0.000000
76.865663 0.000000
76.911294 0.000000
76.956925 0.000000
77.002556 0.000000
77.048187 0.000906
77.093819 0.017784
77.139450 0.120883
77.185081 0.513958
77.230712 1.192957
77.276343 1.508569
77.321974 1.061370
77.367605 0.378493
77.413237 0.059563
77.458868 0.001911
77.504499 0.000000
77.550130 0.000000
77.595761 0.000000
77.641392 0.000000
77.687024 0.000000
77.732655 0.000000
77.778286 0.000000
77.823917 0.000000
77.869548 0.000000
77.915179 0.003795
77.960810 0.045336
78.006442 0.209824
78.052073 0.481170
78.097704 0.584094
78.143335 0.501960
78.188966 0.579770
78.234597 0.768084
78.280228 0.600567
78.325860 0.257449
78.371491 0.058005
78.417122 0.002713
78.462753 0.000000
78.508384 0.015788
78.554015 0.124654
78.599646 0.493896
78.645278 0.894038
78.690909 0.880011
78.736540 0.476910
78.782171 0.120938
78.827802 0.007985
78.873433 0.000000
78.919064 0.000000
78.964696 0.000000
79.010327 0.000000
79.055958 0.000000
79.101589 0.000000
79.147220 0.000000
79.192851 0.000000
79.238482 0.000000
79.284114 0.000000
79.329745 0.000000
79.375376 0.000000
79.421007 0.000000
79.466638 0.000000
79.512269 0.000000
79.557900 0.000000
79.603532 0.000000
79.649163 0.000000
79.694794 0.000000
79.740425 0.000000
79.786056 0.002222
79.831687 0.004403
79.877318 0.002693
79.922950 0.001518
79.968581 0.000455
80.014212 0.000000
80.059843 0.000000
80.105474 0.000000
80.151105 0.001021
80.196736 0.010366
80.242368 0.022421
80.287999 0.013956
80.333630 0.002923
80.379261 0.000275
80.424892 0.000000
80.470523 0.000000
80.516154 0.000000
80.561786 0.005088
80.607417 0.028848
80.653048 0.058692
80.698679 0.058247
80.744310 0.025802
80.789941 0.004360
80.835572 0.000000
80.881204 0.000000
80.926835 0.000000
80.972466 0.000000
81.018097 0.000000
81.063728 0.000000
81.109359 0.000000
81.154990 0.000000
81.200622 0.000000
81.246253 0.000000
81.291884 0.000000
81.337515 0.000000
81.383146 0.000000
81.428777 0.000000
81.474408 0.003692
81.520040 0.050517
81.565671 0.185509
81.611302 0.303398
81.656933 0.267693
81.702564 0.161661
81.748195 0.113788
81.793827 0.058643
81.839458 0.007502
81.885089 0.000000
81.930720 0.000000
81.976351 0.000055
82.021982 0.001976
82.067613 0.001608
82.113245 0.000000
82.158876 0.000000
82.204507 0.000000
82.250138 0.005998
82.295769 0.061834
82.341400 0.211394
82.387031 0.332977
82.432663 0.305451
82.478294 0.155009
82.523925 0.062100
82.569556 0.058325
82.615187 0.034376
82.660818 0.005740
82.706449 0.000000
82.752081 0.000000
82.797712 0.000000
82.843343 0.002773
82.888974 0.013397
82.934605 0.015671
82.980236 0.005285
83.025867 0.000626
83.071499 0.000000
83.117130 0.000000
83.162761 0.000000
83.208392 0.000000
83.254023 0.000000
83.299654 0.000000
83.345285 0.000000
83.390917 0.000000
83.436548 0.000000
83.482179 0.000000
83.527810 0.000000
83.573441 0.000000
83.619072 0.000000
83.664703 0.003780
83.710335 0.027730
83.755966 0.057618
83.801597 0.050250
83.847228 0.014531
83.892859 0.000000
83.938490 0.000000
83.984121 0.000000
84.029753 0.000000
84.075384 0.000098
84.121015 0.003559
84.166646 0.002886
84.212277 0.000000
84.257908 0.000000
84.303539 0.000000
84.349171 0.002574
84.394802 0.015234
84.440433 0.017919
84.486064 0.007697
84.531695 0.002125
84.577326 0.000000
84.622957 0.000000
84.668589 0.000000
84.714220 0.000000
84.759851 0.000000
84.805482 0.000000
84.851113 0.000000
84.896744 0.000000
84.942375 0.000000
84.988007 0.000000
85.033638 0.000000
85.079269 0.000000
85.124900 0.000000
85.170531 0.000000
85.216162 0.000000
85.261793 0.000000
85.307425 0.000000
85.353056 0.000000
85.398687 0.000000
85.444318 0.000000
85.489949 0.000000
85.535580 0.000000
85.581212 0.000000
85.626843 0.000000
85.672474 0.000000
85.718105 0.000000
85.763736 0.000000
85.809367 0.000000
85.854998 0.000254
85.900630 0.004233
85.946261 0.003276
85.991892 0.000000
86.037523 0.000000
86.083154 0.000000
86.128785 0.000000
86.174416 0.004030
86.220048 0.012256
86.265679 0.006117
86.311310 0.000000
86.356941 0.000000
86.402572 0.012931
86.448203 0.056391
86.493834 0.164226
86.539466 0.293959
86.585097 0.351868
86.630728 0.261943
86.676359 0.087264
86.721990 0.008865
86.767621 0.000000
86.813252 0.000000
86.858884 0.000000
86.904515 0.000000
86.950146 0.000000
86.995777 0.000000
87.041408 0.000000
87.087039 0.000000
87.132670 0.000000
87.178302 0.000000
87.223933 0.000000
87.269564 0.000000
87.315195 0.000000
87.360826 0.000000
87.406457 0.000000
87.452088 0.000000
87.497720 0.000000
87.543351 0.002644
87.588982 0.007212
87.634613 0.016146
87.680244 0.024231
87.725875 0.007399
87.771506 0.000000
87.817138 0.000000
87.862769 0.000000
87.908400 0.000000
87.954031 0.000000
87.999662 0.000000
88.045293 0.000000
88.090924 0.000000
88.136556 0.000000
88.182187 0.000000
88.227818 0.000000
88.273449 0.000000
88.319080 0.000000
88.364711 0.000000
88.410342 0.000000
88.455974 0.000000
88.501605 0.000000
88.547236 0.000000
88.592867 0.000000
88.638498 0.000000
88.684129 0.000000
88.729760 0.000000
88.775392 0.000000
88.821023 0.000000
88.866654 0.000000
88.912285 0.000000
88.957916 0.000000
89.003547 0.000000
89.049178 0.000000
89.094810 0.000000
89.140441 0.000000
89.186072 0.000000
89.231703 0.000000
89.277334 0.000000
89.322965 0.000000
89.368596 0.000000
89.414228 0.000000
89.459859 0.000000
89.505490 0.000000
89.551121 0.000000
89.596752 0.000000
89.642383 0.000000
89.688015 0.000000
89.733646 0.000000
89.779277 0.000000
89.824908 0.000000
89.870539 0.000000
89.916170 0.000000
89.961801 0.000000
90.007433 0.000000
90.053064 0.000000
90.098695 0.000000
90.144326 0.000000
90.189957 0.000000
90.235588 0.000000
90.281219 0.000000
90.326851 0.000000
90.372482 0.000000
90.418113 0.000000
90.463744 0.000000
90.509375 0.000000
90.555006 0.000000
90.600637 0.000000
90.646269 0.000000
90.691900 0.000000
90.737531 0.000000
90.783162 0.000000
90.828793 0.000000
90.874424 0.000000
90.920055 0.000000
90.965687 0.000000
91.011318 0.000000
91.056949 0.000000
91.102580 0.000000
91.148211 0.000000
91.193842 0.000000
91.239473 0.000000
