0.022816 0.000000
0.068447 0.000000
0.114078 0.000000
0.159709 0.000000
0.205340 0.000000
0.250971 0.000000
0.296602 0.000000
0.342234 0.000000
0.387865 0.000000
0.433496 0.000000
0.479127 0.000000
0.524758 0.000000
0.570389 0.000000
0.616020 0.000000
0.661652 0.000000
0.707283 0.000000
0.752914 0.000000
0.798545 0.000000
0.844176 0.000000
0.889807 0.000000
0.935438 0.000000
0.981070 0.000000
1.026701 0.000000
1.072332 0.000000
1.117963 0.000000
1.163594 0.000000
1.209225 0.000000
1.254856 0.000000
1.300488 0.000000
1.346119 0.000000
1.391750 0.000000
1.437381 0.000000
1.483012 0.000000
1.528643 0.000000
1.574274 0.000000
1.619906 0.000000
1.665537 0.000000
1.711168 0.000000
1.756799 0.000000
1.802430 0.000000
1.848061 0.000000
1.893692 0.000000
1.939324 0.000000
1.984955 0.000000
2.030586 0.000000
2.076217 0.000000
2.121848 0.000000
2.167479 0.000000
2.213111 0.000000
2.258742 0.000000
2.304373 0.000000
2.350004 0.000000
2.395635 0.000000
2.441266 0.000000
2.486897 0.000000
2.532529 0.000000
2.578160 0.000000
2.623791 0.000000
2.669422 0.002147
2.715053 0.007125
2.760684 0.014259
2.806315 0.033732
2.851947 0.070620
2.897578 0.095476
2.943209 0.110578
2.988840 0.184022
3.034471 0.249713
3.080102 0.316157
3.125733 0.330790
3.171365 0.380300
3.216996 0.489062
3.262627 0.525032
3.308258 0.589905
3.353889 0.669963
3.399520 0.659822
3.445151 0.762772
3.490783 0.864388
3.536414 0.886538
3.582045 0.870258
3.627676 0.911168
3.673307 1.026277
3.718938 0.980162
3.764569 0.979739
3.810201 0.992412
3.855832 0.980916
3.901463 0.972734
3.947094 0.991042
3.992725 0.950283
4.038356 0.846053
4.083987 0.932452
4.129619 0.959439
4.175250 0.948354
4.220881 0.911834
4.266512 0.914087
4.312143 0.874966
4.357774 0.841856
4.403405 0.915029
4.449037 0.853992
4.494668 0.761559
4.540299 0.696850
4.585930 0.753421
4.631561 0.921324
4.677192 0.894543
4.722823 0.827947
4.768455 0.762723
4.814086 0.770609
4.859717 0.784585
4.905348 0.681422
4.950979 0.641570
4.996610 0.645735
5.042241 0.676620
5.087873 0.643085
5.133504 0.608682
5.179135 0.558589
5.224766 0.498131
5.270397 0.540718
5.316028 0.548575
5.361659 0.542183
5.407291 0.586431
5.452922 0.542730
5.498553 0.458074
5.544184 0.500336
5.589815 0.541201
5.635446 0.489665
5.681077 0.473582
5.726709 0.556711
5.772340 0.527404
5.817971 0.547504
5.863602 0.542521
5.909233 0.487778
5.954864 0.495559
6.000496 0.464764
6.046127 0.462931
6.091758 0.468264
6.137389 0.462506
6.183020 0.402325
6.228651 0.407929
6.274282 0.406981
6.319914 0.428447
6.365545 0.420601
6.411176 0.380253
6.456807 0.364461
6.502438 0.331807
6.548069 0.350103
6.593700 0.360011
6.639332 0.401186
6.684963 0.366326
6.730594 0.299159
6.776225 0.310523
6.821856 0.341322
6.867487 0.365609
6.913118 0.377970
6.958750 0.355778
7.004381 0.371853
7.050012 0.369271
7.095643 0.328943
7.141274 0.301246
7.186905 0.318221
7.232536 0.392159
7.278168 0.458710
7.323799 0.657595
7.369430 0.957785
7.415061 0.765039
7.460692 0.435772
7.506323 0.381359
7.551954 0.402523
7.597586 0.336568
7.643217 0.260730
7.688848 0.300316
7.734479 0.327785
7.780110 0.298940
7.825741 0.286031
7.871372 0.305694
7.917004 0.303946
7.962635 0.295908
8.008266 0.307859
8.053897 0.250184
8.099528 0.242707
8.145159 0.305730
8.190790 0.326864
8.236422 0.299710
8.282053 0.289679
8.327684 0.280353
8.373315 0.261699
8.418946 0.283495
8.464577 0.298730
8.510208 0.260174
8.555840 0.246424
8.601471 0.269797
8.647102 0.233219
8.692733 0.224236
8.738364 0.233330
8.783995 0.245564
8.829626 0.252889
8.875258 0.241977
8.920889 0.188760
8.966520 0.210807
9.012151 0.223011
9.057782 0.189100
9.103413 0.201274
9.149044 0.240504
9.194676 0.257767
9.240307 0.249405
9.285938 0.264643
9.331569 0.301538
9.377200 0.267339
9.422831 0.209404
9.468462 0.214285
9.514094 0.249628
9.559725 0.250405
9.605356 0.231481
9.650987 0.246481
9.696618 0.257472
9.742249 0.233475
9.787880 0.212848
9.833512 0.226739
9.879143 0.232904
9.924774 0.202025
9.970405 0.210996
10.016036 0.243604
10.061667 0.239555
10.107299 0.255529
10.152930 0.263865
10.198561 0.253871
10.244192 0.232729
10.289823 0.251478
10.335454 0.238625
10.381085 0.246324
10.426717 0.257131
10.472348 0.249816
10.517979 0.259336
10.563610 0.267206
10.609241 0.223657
10.654872 0.226454
10.700503 0.262972
10.746135 0.258086
10.791766 0.217356
10.837397 0.200558
10.883028 0.244112
10.928659 0.294378
10.974290 0.252828
11.019921 0.229576
11.065553 0.253711
11.111184 0.266200
11.156815 0.249258
11.202446 0.238988
11.248077 0.291927
11.293708 0.331139
11.339339 0.322934
11.384971 0.284911
11.430602 0.270125
11.476233 0.307607
11.521864 0.339943
11.567495 0.339861
11.613126 0.360390
11.658757 0.382296
11.704389 0.391515
11.750020 0.390515
11.795651 0.364600
11.841282 0.368869
11.886913 0.406620
11.932544 0.403862
11.978175 0.428226
12.023807 0.473024
12.069438 0.456549
12.115069 0.451510
12.160700 0.452663
12.206331 0.479148
12.251962 0.500317
12.297593 0.549314
12.343225 0.560844
12.388856 0.594358
12.434487 0.630002
12.480118 0.653828
12.525749 0.710267
12.571380 0.696566
12.617011 0.711968
12.662643 0.786591
12.708274 0.925681
12.753905 0.972992
12.799536 0.968210
12.845167 0.914939
12.890798 0.944806
12.936429 0.950216
12.982061 0.941751
13.027692 0.991956
13.073323 0.978656
13.118954 1.088983
13.164585 1.158666
13.210216 1.128534
13.255847 1.250728
13.301479 1.413420
13.347110 1.420887
13.392741 1.439007
13.438372 1.567986
13.484003 1.603871
13.529634 1.579792
13.575265 1.598679
13.620897 1.613949
13.666528 1.656011
13.712159 1.745567
13.757790 1.885667
13.803421 1.921427
13.849052 1.899510
13.894683 1.904425
13.940315 1.926383
13.985946 2.054872
14.031577 2.129396
14.077208 2.198866
14.122839 2.168757
14.168470 2.163911
14.214102 2.238196
14.259733 2.298034
14.305364 2.414038
14.350995 2.499387
14.396626 2.570668
14.442257 2.592601
14.487888 2.549475
14.533520 2.522915
14.579151 2.643216
14.624782 2.654687
14.670413 2.692810
14.716044 2.714947
14.761675 2.700520
14.807306 2.720181
14.852938 2.756692
14.898569 2.729447
14.944200 2.726983
14.989831 2.661996
15.035462 2.750069
15.081093 2.841683
15.126724 2.773091
15.172356 2.685234
15.217987 2.682753
15.263618 2.845334
15.309249 3.114664
15.354880 3.129586
15.400511 2.939237
15.446142 2.808716
15.491774 2.619727
15.537405 2.447590
15.583036 2.345474
15.628667 2.227388
15.674298 2.177359
15.719929 2.122560
15.765560 2.039011
15.811192 1.959554
15.856823 1.905320
15.902454 1.902059
15.948085 1.912499
15.993716 1.896953
16.039347 1.811722
16.084978 1.762687
16.130610 1.746617
16.176241 1.615282
16.221872 1.497209
16.267503 1.408915
16.313134 1.368247
16.358765 1.322996
16.404396 1.329826
16.450028 1.373892
16.495659 1.380257
16.541290 1.336456
16.586921 1.220968
16.632552 1.170472
16.678183 1.112245
16.723814 1.035138
16.769446 0.921222
16.815077 0.900599
16.860708 0.955800
16.906339 0.939655
16.951970 0.901933
16.997601 0.802988
17.043232 0.775079
17.088864 0.780508
17.134495 0.715716
17.180126 0.683730
17.225757 0.675045
17.271388 0.603644
17.317019 0.579065
17.362650 0.595423
17.408282 0.555847
17.453913 0.509777
17.499544 0.506208
17.545175 0.515166
17.590806 0.510943
17.636437 0.516998
17.682068 0.633242
17.727700 1.108947
17.773331 2.881045
17.818962 9.571594
17.864593 20.312273
17.910224 18.832445
17.955855 8.105164
18.001487 2.421703
18.047118 0.917974
18.092749 0.468042
18.138380 0.349618
18.184011 0.327429
18.229642 0.289535
18.275273 0.252813
18.320905 0.259792
18.366536 0.249977
18.412167 0.227811
18.457798 0.244239
18.503429 0.304129
18.549060 0.326707
18.594691 0.256020
18.640323 0.196778
18.685954 0.172158
18.731585 0.165583
18.777216 0.154532
18.822847 0.149264
18.868478 0.165806
18.914109 0.155635
18.959741 0.138954
19.005372 0.132395
19.051003 0.127499
19.096634 0.107848
19.142265 0.109740
19.187896 0.108822
19.233527 0.120285
19.279159 0.142224
19.324790 0.127001
19.370421 0.127258
19.416052 0.151368
19.461683 0.167685
19.507314 0.163733
19.552945 0.172406
19.598577 0.160448
19.644208 0.134937
19.689839 0.111366
19.735470 0.086784
19.781101 0.082899
19.826732 0.098209
19.872363 0.098648
19.917995 0.118927
19.963626 0.126724
20.009257 0.096781
20.054888 0.078218
20.100519 0.072750
20.146150 0.069017
20.191781 0.071332
20.237413 0.068520
20.283044 0.051508
20.328675 0.056450
20.374306 0.066623
20.419937 0.058046
20.465568 0.046561
20.511199 0.055201
20.556831 0.076804
20.602462 0.107071
20.648093 0.124092
20.693724 0.088827
20.739355 0.059860
20.784986 0.042995
20.830617 0.038692
20.876249 0.038601
20.921880 0.040494
20.967511 0.046351
21.013142 0.038294
21.058773 0.031977
21.104404 0.036576
21.150035 0.040713
21.195667 0.043772
21.241298 0.043000
21.286929 0.041851
21.332560 0.035821
21.378191 0.031038
21.423822 0.027669
21.469453 0.032490
21.515085 0.039027
21.560716 0.034323
21.606347 0.026180
21.651978 0.024148
21.697609 0.027006
21.743240 0.041860
21.788871 0.046525
21.834503 0.043528
21.880134 0.040169
21.925765 0.028850
21.971396 0.031386
22.017027 0.031216
22.062658 0.027699
22.108290 0.028964
22.153921 0.029438
22.199552 0.030714
22.245183 0.029468
22.290814 0.026284
22.336445 0.026440
22.382076 0.023098
22.427708 0.019571
22.473339 0.020724
22.518970 0.017697
22.564601 0.020065
22.610232 0.019074
22.655863 0.024548
22.701494 0.027876
22.747126 0.023765
22.792757 0.018118
22.838388 0.013126
22.884019 0.019353
22.929650 0.023466
22.975281 0.018137
23.020912 0.011356
23.066544 0.017568
23.112175 0.025546
23.157806 0.016964
23.203437 0.012123
23.249068 0.015638
23.294699 0.017985
23.340330 0.016781
23.385962 0.018828
23.431593 0.015583
23.477224 0.017342
23.522855 0.018336
23.568486 0.019725
23.614117 0.020802
23.659748 0.022894
23.705380 0.024974
23.751011 0.020547
23.796642 0.018124
23.842273 0.018898
23.887904 0.025466
23.933535 0.021815
23.979166 0.018025
24.024798 0.016134
24.070429 0.013794
24.116060 0.038860
24.161691 0.120782
24.207322 0.486309
24.252953 1.901990
24.298584 7.510070
24.344216 25.858326
24.389847 45.348042
24.435478 32.937344
24.481109 10.828041
24.526740 2.784139
24.572371 0.713490
24.618002 0.197813
24.663634 0.065285
24.709265 0.027493
24.754896 0.017295
24.800527 0.020368
24.846158 0.022345
24.891789 0.018258
24.937420 0.011344
24.983052 0.009306
25.028683 0.012153
25.074314 0.015429
25.119945 0.012907
25.165576 0.012799
25.211207 0.012694
25.256838 0.013596
25.302470 0.016699
25.348101 0.017740
25.393732 0.035574
25.439363 0.103417
25.484994 0.337941
25.530625 0.580596
25.576256 0.428499
25.621888 0.161908
25.667519 0.047464
25.713150 0.017258
25.758781 0.014038
25.804412 0.012537
25.850043 0.009387
25.895675 0.008803
25.941306 0.022777
25.986937 0.140409
26.032568 0.708001
26.078199 3.360352
26.123830 10.075609
26.169461 14.077871
26.215093 7.715967
26.260724 2.078233
26.306355 0.407016
26.351986 0.074069
26.397617 0.013297
26.443248 0.009091
26.488879 0.006151
26.534511 0.007901
26.580142 0.008771
26.625773 0.007319
26.671404 0.005992
26.717035 0.005382
26.762666 0.003777
26.808297 0.002537
26.853929 0.002436
26.899560 0.003720
26.945191 0.004667
26.990822 0.004928
27.036453 0.004519
27.082084 0.005774
27.127715 0.003582
27.173347 0.004363
27.218978 0.005087
27.264609 0.003837
27.310240 0.002983
27.355871 0.005238
27.401502 0.003807
27.447133 0.004849
27.492765 0.004676
27.538396 0.006250
27.584027 0.005012
27.629658 0.006639
27.675289 0.005694
27.720920 0.003017
27.766551 0.002720
27.812183 0.004524
27.857814 0.005766
27.903445 0.005843
27.949076 0.003707
27.994707 0.002798
28.040338 0.003273
28.085969 0.003951
28.131601 0.004542
28.177232 0.003880
28.222863 0.004435
28.268494 0.003875
28.314125 0.003080
28.359756 0.002106
28.405387 0.002520
28.451019 0.003207
28.496650 0.002597
28.542281 0.003071
28.587912 0.004164
28.633543 0.027082
28.679174 0.196941
28.724805 0.482946
28.770437 0.420636
28.816068 0.144996
28.861699 0.019893
28.907330 0.007289
28.952961 0.006579
28.998592 0.004959
29.044223 0.004296
29.089855 0.004416
29.135486 0.003227
29.181117 0.002327
29.226748 0.002125
29.272379 0.002035
29.318010 0.005090
29.363641 0.007950
29.409273 0.006790
29.454904 0.007845
29.500535 0.011683
29.546166 0.022282
29.591797 0.061770
29.637428 0.179996
29.683059 0.683007
29.728691 2.979681
29.774322 12.961038
29.819953 34.457150
29.865584 40.423904
29.911215 19.383095
29.956846 5.039405
30.002478 1.121826
30.048109 0.260166
30.093740 0.083542
30.139371 0.025770
30.185002 0.009647
30.230633 0.006874
30.276264 0.005712
30.321896 0.004446
30.367527 0.002520
30.413158 0.004222
30.458789 0.003946
30.504420 0.003798
30.550051 0.003044
30.595682 0.004440
30.641314 0.005063
30.686945 0.002712
30.732576 0.007569
30.778207 0.019436
30.823838 0.031915
30.869469 0.018770
30.915100 0.003570
30.960732 0.001551
31.006363 0.001648
31.051994 0.003226
31.097625 0.003941
31.143256 0.003794
31.188887 0.002603
31.234518 0.001883
31.280150 0.002565
31.325781 0.003848
31.371412 0.002148
31.417043 0.000805
31.462674 0.001874
31.508305 0.001600
31.553936 0.001288
31.599568 0.030475
31.645199 0.209756
31.690830 0.383676
31.736461 0.250654
31.782092 0.047411
31.827723 0.002052
31.873354 0.001873
31.918986 0.001387
31.964617 0.002662
32.010248 0.002080
32.055879 0.001469
32.101510 0.002193
32.147141 0.001428
32.192772 0.001234
32.238404 0.001184
32.284035 0.001038
32.329666 0.002448
32.375297 0.004108
32.420928 0.002479
32.466559 0.000452
32.512190 0.001545
32.557822 0.002941
32.603453 0.002421
32.649084 0.001665
32.694715 0.001404
32.740346 0.003671
32.785977 0.004171
32.831608 0.003448
32.877240 0.002872
32.922871 0.003149
32.968502 0.002660
33.014133 0.001372
33.059764 0.001201
33.105395 0.002456
33.151026 0.002433
33.196658 0.001552
33.242289 0.000508
33.287920 0.000000
33.333551 0.001192
33.379182 0.002974
33.424813 0.001695
33.470444 0.002541
33.516076 0.003355
33.561707 0.003522
33.607338 0.002760
33.652969 0.000305
33.698600 0.000000
33.744231 0.000299
33.789862 0.001042
33.835494 0.001349
33.881125 0.001369
33.926756 0.003176
33.972387 0.003200
34.018018 0.004265
34.063649 0.003324
34.109281 0.000909
34.154912 0.002582
34.200543 0.003632
34.246174 0.004799
34.291805 0.004369
34.337436 0.002759
34.383067 0.002845
34.428699 0.001482
34.474330 0.001292
34.519961 0.001948
34.565592 0.002186
34.611223 0.002842
34.656854 0.004448
34.702485 0.006787
34.748117 0.006291
34.793748 0.004251
34.839379 0.003458
34.885010 0.001746
34.930641 0.000990
34.976272 0.001050
35.021903 0.002538
35.067535 0.001561
35.113166 0.000213
35.158797 0.000585
35.204428 0.002746
35.250059 0.002578
35.295690 0.001318
35.341321 0.002885
35.386953 0.001834
35.432584 0.003567
35.478215 0.005673
35.523846 0.024732
35.569477 0.091402
35.615108 0.385548
35.660739 1.798803
35.706371 7.233974
35.752002 17.908197
35.797633 18.318283
35.843264 8.141481
35.888895 1.996285
35.934526 0.433010
35.980157 0.101356
36.025789 0.022081
36.071420 0.004842
36.117051 0.003277
36.162682 0.002867
36.208313 0.004712
36.253944 0.003096
36.299575 0.001453
36.345207 0.002198
36.390838 0.003891
36.436469 0.003432
36.482100 0.002343
36.527731 0.001039
36.573362 0.002362
36.618993 0.003491
36.664625 0.002382
36.710256 0.002324
36.755887 0.001981
36.801518 0.000573
36.847149 0.000833
36.892780 0.001840
36.938411 0.002776
36.984043 0.002189
37.029674 0.001406
37.075305 0.000978
37.120936 0.002091
37.166567 0.002348
37.212198 0.001363
37.257829 0.001103
37.303461 0.001294
37.349092 0.002131
37.394723 0.002746
37.440354 0.002506
37.485985 0.003000
37.531616 0.003316
37.577247 0.002241
37.622879 0.010534
37.668510 0.041196
37.714141 0.101847
37.759772 0.107901
37.805403 0.041224
37.851034 0.013069
37.896666 0.003164
37.942297 0.000325
37.987928 0.000000
38.033559 0.000444
38.079190 0.002052
38.124821 0.002493
38.170452 0.002687
38.216084 0.001781
38.261715 0.002788
38.307346 0.004483
38.352977 0.002579
38.398608 0.001960
38.444239 0.003437
38.489870 0.002448
38.535502 0.004331
38.581133 0.018970
38.626764 0.089366
38.672395 0.373955
38.718026 1.512533
38.763657 6.677104
38.809288 24.602364
38.854920 44.647018
38.900551 36.576649
38.946182 13.704817
38.991813 3.327749
39.037444 0.745057
39.083075 0.165678
39.128706 0.037136
39.174338 0.015200
39.219969 0.007585
39.265600 0.002340
39.311231 0.002085
39.356862 0.003019
39.402493 0.002829
39.448124 0.001927
39.493756 0.002548
39.539387 0.003628
39.585018 0.002916
39.630649 0.001780
39.676280 0.002294
39.721911 0.003064
39.767542 0.004448
39.813174 0.009947
39.858805 0.025246
39.904436 0.074289
39.950067 0.246353
39.995698 0.756704
40.041329 1.214602
40.086960 0.968817
40.132592 0.300621
40.178223 0.286370
40.223854 0.771079
40.269485 1.013022
40.315116 0.490098
40.360747 0.107782
40.406378 0.014874
40.452010 0.003181
40.497641 0.004436
40.543272 0.004692
40.588903 0.003646
40.634534 0.000908
40.680165 0.000874
40.725796 0.001428
40.771428 0.002237
40.817059 0.002231
40.862690 0.001207
40.908321 0.003761
40.953952 0.010675
40.999583 0.079053
41.045214 0.462623
41.090846 1.371871
41.136477 2.992363
41.182108 4.675471
41.227739 3.213964
41.273370 1.131267
41.319001 0.198940
41.364632 0.046779
41.410264 0.009216
41.455895 0.003094
41.501526 0.003656
41.547157 0.001630
41.592788 0.001786
41.638419 0.002806
41.684050 0.001957
41.729682 0.001790
41.775313 0.002421
41.820944 0.002646
41.866575 0.001718
41.912206 0.003431
41.957837 0.003132
42.003469 0.002308
42.049100 0.002425
42.094731 0.001677
42.140362 0.001838
42.185993 0.003447
42.231624 0.004812
42.277255 0.003227
42.322887 0.001432
42.368518 0.001429
42.414149 0.002332
42.459780 0.001568
42.505411 0.000654
42.551042 0.001563
42.596673 0.002274
42.642305 0.003622
42.687936 0.003651
42.733567 0.003823
42.779198 0.002816
42.824829 0.002146
42.870460 0.002777
42.916091 0.002724
42.961723 0.002388
43.007354 0.001735
43.052985 0.002589
43.098616 0.003269
43.144247 0.002607
43.189878 0.002329
43.235509 0.002032
43.281141 0.003932
43.326772 0.003337
43.372403 0.003195
43.418034 0.009617
43.463665 0.032551
43.509296 0.092953
43.554927 0.128391
43.600559 0.089639
43.646190 0.035108
43.691821 0.011435
43.737452 0.005017
43.783083 0.003601
43.828714 0.003418
43.874345 0.002940
43.919977 0.003477
43.965608 0.002881
44.011239 0.004509
44.056870 0.011194
44.102501 0.036450
44.148132 0.144359
44.193763 0.692781
44.239395 3.174019
44.285026 10.360248
44.330657 15.884297
44.376288 11.026454
44.421919 3.584094
44.467550 0.754914
44.513181 0.166026
44.558813 0.042357
44.604444 0.014160
44.650075 0.005309
44.695706 0.004718
44.741337 0.005366
44.786968 0.002829
44.832599 0.002550
44.878231 0.003855
44.923862 0.003484
44.969493 0.003871
45.015124 0.007866
45.060755 0.020907
45.106386 0.077883
45.152017 0.350666
45.197649 1.634170
45.243280 6.684432
45.288911 17.566439
45.334542 22.764738
45.380173 13.892254
45.425804 4.014801
45.471435 0.948054
45.517067 0.239910
45.562698 0.084430
45.608329 0.036660
45.653960 0.007038
45.699591 0.001837
45.745222 0.003080
45.790854 0.003203
45.836485 0.002515
45.882116 0.000947
45.927747 0.001105
45.973378 0.001900
46.019009 0.001922
46.064640 0.002082
46.110272 0.002504
46.155903 0.002418
46.201534 0.000550
46.247165 0.000328
46.292796 0.003112
46.338427 0.002669
46.384058 0.002017
46.429690 0.002308
46.475321 0.004182
46.520952 0.050903
46.566583 0.194456
46.612214 0.274186
46.657845 0.136472
46.703476 0.017537
46.749108 0.003618
46.794739 0.002006
46.840370 0.000817
46.886001 0.001374
46.931632 0.002308
46.977263 0.002819
47.022894 0.003185
47.068526 0.002008
47.114157 0.001194
47.159788 0.001343
47.205419 0.001467
47.251050 0.001991
47.296681 0.002385
47.342312 0.001009
47.387944 0.001715
47.433575 0.001620
47.479206 0.000751
47.524837 0.001776
47.570468 0.001709
47.616099 0.001702
47.661730 0.001229
47.707362 0.001352
47.752993 0.001432
47.798624 0.001751
47.844255 0.002910
47.889886 0.002224
47.935517 0.001752
47.981148 0.002237
48.026780 0.001337
48.072411 0.000848
48.118042 0.001165
48.163673 0.002418
48.209304 0.002697
48.254935 0.002271
48.300566 0.000591
48.346198 0.001226
48.391829 0.001866
48.437460 0.001326
48.483091 0.001604
48.528722 0.000978
48.574353 0.001722
48.619984 0.001917
48.665616 0.003926
48.711247 0.058847
48.756878 0.284003
48.802509 0.526640
48.848140 0.402661
48.893771 0.121155
48.939402 0.016870
48.985034 0.000950
49.030665 0.001724
49.076296 0.003488
49.121927 0.002626
49.167558 0.000858
49.213189 0.000592
49.258820 0.001007
49.304452 0.001499
49.350083 0.001645
49.395714 0.001986
49.441345 0.002282
49.486976 0.002206
49.532607 0.001393
49.578238 0.001068
49.623870 0.001345
49.669501 0.001632
49.715132 0.000883
49.760763 0.001220
49.806394 0.001561
49.852025 0.001605
49.897657 0.001315
49.943288 0.000628
49.988919 0.001806
50.034550 0.025101
50.080181 0.158093
50.125812 0.822777
50.171443 3.511802
50.217075 7.347884
50.262706 6.876499
50.308337 3.111299
50.353968 2.084423
50.399599 4.315496
50.445230 5.304862
50.490861 2.879489
50.536493 0.766139
50.582124 0.118870
50.627755 0.016197
50.673386 0.003192
50.719017 0.001555
50.764648 0.002112
50.810279 0.001665
50.855911 0.000678
50.901542 0.001313
50.947173 0.002155
50.992804 0.003305
51.038435 0.002620
51.084066 0.006120
51.129697 0.004874
51.175329 0.001999
51.220960 0.001243
51.266591 0.000754
51.312222 0.000791
51.357853 0.000600
51.403484 0.001194
51.449115 0.001024
51.494747 0.000840
51.540378 0.001056
51.586009 0.001588
51.631640 0.001807
51.677271 0.002486
51.722902 0.001609
51.768533 0.000347
51.814165 0.001259
51.859796 0.002445
51.905427 0.001734
51.951058 0.001361
51.996689 0.001198
52.042320 0.001657
52.087951 0.014112
52.133583 0.080283
52.179214 0.160385
52.224845 0.265813
52.270476 0.881872
52.316107 2.105313
52.361738 2.378847
52.407369 1.200969
52.453001 0.261957
52.498632 0.028691
52.544263 0.002850
52.589894 0.001415
52.635525 0.001583
52.681156 0.001170
52.726787 0.001274
52.772419 0.000531
52.818050 0.000405
52.863681 0.000947
52.909312 0.000784
52.954943 0.001892
53.000574 0.001722
53.046205 0.000941
53.091837 0.000731
53.137468 0.000720
53.183099 0.001230
53.228730 0.001488
53.274361 0.001432
53.319992 0.000477
53.365623 0.000632
53.411255 0.000493
53.456886 0.000366
53.502517 0.000792
53.548148 0.007298
53.593779 0.044020
53.639410 0.138037
53.685041 0.156023
53.730673 0.067601
53.776304 0.007456
53.821935 0.001364
53.867566 0.000525
53.913197 0.000000
53.958828 0.000000
54.004460 0.000029
54.050091 0.000544
54.095722 0.004422
54.141353 0.041108
54.186984 0.320830
54.232615 1.141909
54.278246 1.948943
54.323878 1.307133
54.369509 0.396340
54.415140 0.049988
54.460771 0.001820
54.506402 0.000615
54.552033 0.001515
54.597664 0.004613
54.643296 0.021613
54.688927 0.032747
54.734558 0.019499
54.780189 0.004866
54.825820 0.000041
54.871451 0.000000
54.917082 0.000028
54.962714 0.000511
55.008345 0.000981
55.053976 0.003358
55.099607 0.002496
55.145238 0.000350
55.190869 0.026000
55.236500 0.241754
55.282132 0.926551
55.327763 1.566227
55.373394 1.476920
55.419025 0.815652
55.464656 0.253444
55.510287 0.029082
55.555918 0.002568
55.601550 0.000711
55.647181 0.000426
55.692812 0.000614
55.738443 0.000289
55.784074 0.000333
55.829705 0.000146
55.875336 0.000000
55.920968 0.000113
55.966599 0.000686
56.012230 0.000560
56.057861 0.000433
56.103492 0.000327
56.149123 0.000000
56.194754 0.000224
56.240386 0.000483
56.286017 0.000832
56.331648 0.000845
56.377279 0.001239
56.422910 0.007673
56.468541 0.038619
56.514172 0.180174
56.559804 0.902297
56.605435 2.505063
56.651066 3.360950
56.696697 2.025419
56.742328 0.639443
56.787959 0.103928
56.833590 0.010658
56.879222 0.001986
56.924853 0.000689
56.970484 0.000139
57.016115 0.000000
57.061746 0.000000
57.107377 0.003372
57.153008 0.002677
57.198640 0.000000
57.244271 0.000000
57.289902 0.000172
57.335533 0.003917
57.381164 0.032146
57.426795 0.187715
57.472426 0.510325
57.518058 0.626186
57.563689 0.320770
57.609320 0.126703
57.654951 0.333505
57.700582 1.363180
57.746213 2.779011
57.791845 2.635792
57.837476 1.074701
57.883107 0.231156
57.928738 0.032572
57.974369 0.004726
58.020000 0.000586
58.065631 0.000000
58.111263 0.000000
58.156894 0.000000
58.202525 0.000000
58.248156 0.000000
58.293787 0.000103
58.339418 0.000410
58.385049 0.000085
58.430681 0.000000
58.476312 0.000267
58.521943 0.000330
58.567574 0.000000
58.613205 0.000000
58.658836 0.000315
58.704467 0.000280
58.750099 0.000339
58.795730 0.000315
58.841361 0.000221
58.886992 0.000322
58.932623 0.000050
58.978254 0.000000
59.023885 0.000000
59.069517 0.001073
59.115148 0.010385
59.160779 0.027958
59.206410 0.029138
59.252041 0.016071
59.297672 0.002812
59.343303 0.000190
59.388935 0.000780
59.434566 0.001253
59.480197 0.009961
59.525828 0.039243
59.571459 0.156516
59.617090 0.825251
59.662721 3.470386
59.708353 7.005716
59.753984 6.928890
59.799615 3.247677
59.845246 0.737951
59.890877 0.137061
59.936508 0.028326
59.982139 0.006269
60.027771 0.000525
60.073402 0.000000
60.119033 0.000000
60.164664 0.000000
60.210295 0.000000
60.255926 0.000000
60.301557 0.000000
60.347189 0.000000
60.392820 0.000000
60.438451 0.000000
60.484082 0.000000
60.529713 0.000000
60.575344 0.000000
60.620975 0.000000
60.666607 0.000561
60.712238 0.000507
60.757869 0.000082
60.803500 0.000000
60.849131 0.000000
60.894762 0.000000
60.940393 0.000000
60.986025 0.000003
61.031656 0.000436
61.077287 0.006080
61.122918 0.073453
61.168549 0.260605
61.214180 0.382305
61.259811 0.248059
61.305443 0.056473
61.351074 0.006719
61.396705 0.000000
61.442336 0.000000
61.487967 0.000000
61.533598 0.000000
61.579229 0.000000
61.624861 0.000025
61.670492 0.000667
61.716123 0.000465
61.761754 0.000000
61.807385 0.000000
61.853016 0.000000
61.898648 0.000000
61.944279 0.000000
61.989910 0.000000
62.035541 0.000000
62.081172 0.000000
62.126803 0.000000
62.172434 0.001624
62.218066 0.016729
62.263697 0.136672
62.309328 0.774839
62.354959 2.686043
62.400590 4.628695
62.446221 3.742838
62.491852 1.402588
62.537484 0.276884
62.583115 0.032254
62.628746 0.002294
62.674377 0.000005
62.720008 0.000000
62.765639 0.000000
62.811270 0.000000
62.856902 0.000000
62.902533 0.000000
62.948164 0.000000
62.993795 0.000000
63.039426 0.000047
63.085057 0.006327
63.130688 0.030783
63.176320 0.050643
63.221951 0.032655
63.267582 0.014118
63.313213 0.057559
63.358844 0.277383
63.404475 0.581193
63.450106 0.541434
63.495738 0.218088
63.541369 0.040024
63.587000 0.001061
63.632631 0.000370
63.678262 0.000467
63.723893 0.000262
63.769524 0.000348
63.815156 0.000048
63.860787 0.000000
63.906418 0.000728
63.952049 0.006082
63.997680 0.010257
64.043311 0.005804
64.088942 0.000349
64.134574 0.000000
64.180205 0.000000
64.225836 0.000000
64.271467 0.000000
64.317098 0.000000
64.362729 0.000000
64.408360 0.000000
64.453992 0.000000
64.499623 0.000242
64.545254 0.000350
64.590885 0.000067
64.636516 0.000000
64.682147 0.000000
64.727778 0.000000
64.773410 0.001697
64.819041 0.001679
64.864672 0.000210
64.910303 0.000369
64.955934 0.000102
65.001565 0.000000
65.047196 0.000000
65.092828 0.000000
65.138459 0.000000
65.184090 0.000000
65.229721 0.000000
65.275352 0.000000
65.320983 0.000000
65.366614 0.000000
65.412246 0.000000
65.457877 0.000000
65.503508 0.000000
65.549139 0.000000
65.594770 0.000000
65.640401 0.000000
65.686033 0.000000
65.731664 0.000000
65.777295 0.000000
65.822926 0.000000
65.868557 0.000000
65.914188 0.000081
65.959819 0.004010
66.005451 0.016097
66.051082 0.023738
66.096713 0.022355
66.142344 0.025864
66.187975 0.026073
66.233606 0.011100
66.279237 0.000842
66.324869 0.000000
66.370500 0.000000
66.416131 0.000000
66.461762 0.001459
66.507393 0.037429
66.553024 0.228103
66.598655 0.541176
66.644287 0.584978
66.689918 0.327500
66.735549 0.138364
66.781180 0.073499
66.826811 0.026935
66.872442 0.004419
66.918073 0.000347
66.963705 0.000000
67.009336 0.000000
67.054967 0.000000
67.100598 0.002709
67.146229 0.009863
67.191860 0.015643
67.237491 0.009381
67.283123 0.001191
67.328754 0.000000
67.374385 0.000000
67.420016 0.000000
67.465647 0.000000
67.511278 0.000000
67.556909 0.000000
67.602541 0.000000
67.648172 0.000000
67.693803 0.006314
67.739434 0.070789
67.785065 0.242695
67.830696 0.374059
67.876327 0.280347
67.921959 0.091859
67.967590 0.011389
68.013221 0.000773
68.058852 0.000000
68.104483 0.000000
68.150114 0.000424
68.195745 0.000547
68.241377 0.000038
68.287008 0.000000
68.332639 0.000000
68.378270 0.000981
68.423901 0.013622
68.469532 0.108981
68.515163 0.595436
68.560795 1.679177
68.606426 2.304731
68.652057 1.695257
68.697688 0.867869
68.743319 0.826659
68.788950 0.884297
68.834581 0.475590
68.880213 0.114793
68.925844 0.009567
68.971475 0.000268
69.017106 0.000000
69.062737 0.000443
69.108368 0.019460
69.153999 0.207872
69.199631 0.798093
69.245262 1.677236
69.290893 1.725250
69.336524 0.825768
69.382155 0.207427
69.427786 0.025249
69.473417 0.000813
69.519049 0.000000
69.564680 0.000000
69.610311 0.000000
69.655942 0.000000
69.701573 0.000000
69.747204 0.000000
69.792836 0.000281
69.838467 0.000689
69.884098 0.000290
69.929729 0.000000
69.975360 0.000553
70.020991 0.002873
70.066622 0.012757
70.112254 0.010992
70.157885 0.002694
70.203516 0.000000
70.249147 0.000000
70.294778 0.000000
70.340409 0.000000
70.386040 0.000000
70.431672 0.000473
70.477303 0.000602
70.522934 0.000027
70.568565 0.000617
70.614196 0.018915
70.659827 0.147205
70.705458 0.457445
70.751090 0.626053
70.796721 0.406234
70.842352 0.114694
70.887983 0.007767
70.933614 0.000000
70.979245 0.000000
71.024876 0.000000
71.070508 0.000000
71.116139 0.000000
71.161770 0.000261
71.207401 0.000654
71.253032 0.000252
71.298663 0.000000
71.344294 0.000000
71.389926 0.000413
71.435557 0.014991
71.481188 0.086218
71.526819 0.347229
71.572450 0.621909
71.618081 0.541099
71.663712 0.228151
71.709344 0.042165
71.754975 0.004420
71.800606 0.000000
71.846237 0.000000
71.891868 0.000000
71.937499 0.001015
71.983130 0.000965
72.028762 0.000000
72.074393 0.000000
72.120024 0.000000
72.165655 0.000000
72.211286 0.000123
72.256917 0.000675
72.302548 0.000469
72.348180 0.000000
72.393811 0.000862
72.439442 0.066283
72.485073 0.391828
72.530704 1.106348
72.576335 1.538678
72.621966 1.054680
72.667598 0.337289
72.713229 0.044041
72.758860 0.001800
72.804491 0.000000
72.850122 0.000750
72.895753 0.000931
72.941384 0.000046
72.987016 0.000000
73.032647 0.000000
73.078278 0.008398
73.123909 0.074536
73.169540 0.323124
73.215171 0.619344
73.260802 0.588287
73.306434 0.263027
73.352065 0.044427
73.397696 0.003931
73.443327 0.017418
73.488958 0.146215
73.534589 0.509070
73.580220 0.935183
73.625852 0.849912
73.671483 0.389387
73.717114 0.087456
73.762745 0.004760
73.808376 0.000018
73.854007 0.001016
73.899639 0.007235
73.945270 0.008784
73.990901 0.006641
74.036532 0.006741
74.082163 0.003546
74.127794 0.000542
74.173425 0.004937
74.219057 0.007798
74.264688 0.005537
74.310319 0.007453
74.355950 0.002302
74.401581 0.000000
74.447212 0.000000
74.492843 0.000000
74.538475 0.000000
74.584106 0.000000
74.629737 0.000000
74.675368 0.000000
74.720999 0.000000
74.766630 0.000000
74.812261 0.002332
74.857893 0.070029
74.903524 0.488297
74.949155 1.601552
74.994786 2.613269
75.040417 2.259832
75.086048 0.957838
75.131679 0.186680
75.177311 0.022134
75.222942 0.001206
75.268573 0.000000
75.314204 0.000000
75.359835 0.000000
75.405466 0.007105
75.451097 0.024613
75.496729 0.037064
75.542360 0.025167
75.587991 0.005844
75.633622 0.000000
75.679253 0.000000
75.724884 0.000000
75.770515 0.000000
75.816147 0.000000
75.861778 0.000000
75.907409 0.000000
75.953040 0.000000
75.998671 0.000000
76.044302 0.000000
76.089933 0.000675
76.135565 0.005046
76.181196 0.006181
76.226827 0.002925
76.272458 0.002536
76.318089 0.000622
76.363720 0.002634
76.409351 0.031913
76.454983 0.157586
76.500614 0.340759
76.546245 0.368428
76.591876 0.202588
76.637507 0.054675
76.683138 0.006464
76.728769 0.000112
76.774401 0.000000
76.820032 0.000000
76.865663 0.000000
76.911294 0.000000
76.956925 0.001037
77.002556 0.024845
77.048187 0.207075
77.093819 0.665173
77.139450 1.106336
77.185081 0.982924
77.230712 0.400502
77.276343 0.067003
77.321974 0.004284
77.367605 0.000287
77.413237 0.000000
77.458868 0.000000
77.504499 0.000000
77.550130 0.000000
77.595761 0.000000
77.641392 0.000000
77.687024 0.000000
77.732655 0.000697
77.778286 0.001098
77.823917 0.007700
77.869548 0.111043
77.915179 0.388384
77.960810 0.756013
78.006442 0.818946
78.052073 0.829010
78.097704 1.197382
78.143335 1.318299
78.188966 0.778870
78.234597 0.199785
78.280228 0.022993
78.325860 0.000566
78.371491 0.003328
78.417122 0.052952
78.462753 0.269753
78.508384 0.854135
78.554015 1.170197
78.599646 0.778262
78.645278 0.267280
78.690909 0.036199
78.736540 0.003610
78.782171 0.000000
78.827802 0.000000
78.873433 0.000000
78.919064 0.000000
78.964696 0.000000
79.010327 0.000000
79.055958 0.000000
79.101589 0.000000
79.147220 0.000000
79.192851 0.000000
79.238482 0.000000
79.284114 0.000000
79.329745 0.000000
79.375376 0.000000
79.421007 0.000000
79.466638 0.000000
79.512269 0.000000
79.557900 0.000000
79.603532 0.000000
79.649163 0.000000
79.694794 0.000000
79.740425 0.000000
79.786056 0.000000
79.831687 0.000000
79.877318 0.000000
79.922950 0.000000
79.968581 0.000000
80.014212 0.000000
80.059843 0.000041
80.105474 0.001407
80.151105 0.001141
80.196736 0.000000
80.242368 0.000000
80.287999 0.000000
80.333630 0.000000
80.379261 0.000000
80.424892 0.000000
80.470523 0.000000
80.516154 0.000000
80.561786 0.000000
80.607417 0.000000
80.653048 0.000000
80.698679 0.000000
80.744310 0.000000
80.789941 0.000000
80.835572 0.000000
80.881204 0.000000
80.926835 0.000000
80.972466 0.000000
81.018097 0.000000
81.063728 0.000000
81.109359 0.000000
81.154990 0.000000
81.200622 0.000000
81.246253 0.000000
81.291884 0.000000
81.337515 0.010725
81.383146 0.081169
81.428777 0.243039
81.474408 0.363403
81.520040 0.310638
81.565671 0.224391
81.611302 0.184521
81.656933 0.096627
81.702564 0.017819
81.748195 0.000000
81.793827 0.000000
81.839458 0.000000
81.885089 0.000000
81.930720 0.000000
81.976351 0.000000
82.021982 0.000000
82.067613 0.000000
82.113245 0.008497
82.158876 0.074947
82.204507 0.213957
82.250138 0.287850
82.295769 0.193201
82.341400 0.075129
82.387031 0.073861
82.432663 0.094154
82.478294 0.073834
82.523925 0.023746
82.569556 0.000000
82.615187 0.000000
82.660818 0.000000
82.706449 0.000000
82.752081 0.000000
82.797712 0.000000
82.843343 0.000000
82.888974 0.000000
82.934605 0.000000
82.980236 0.000000
83.025867 0.000000
83.071499 0.000000
83.117130 0.000000
83.162761 0.000000
83.208392 0.000000
83.254023 0.000000
83.299654 0.000000
83.345285 0.000000
83.390917 0.000000
83.436548 0.001280
83.482179 0.019597
83.527810 0.037511
83.573441 0.033072
83.619072 0.012132
83.664703 0.004904
83.710335 0.005129
83.755966 0.002850
83.801597 0.000773
83.847228 0.000000
83.892859 0.000000
83.938490 0.000000
83.984121 0.000000
84.029753 0.000000
84.075384 0.000000
84.121015 0.000000
84.166646 0.000000
84.212277 0.016881
84.257908 0.053643
84.303539 0.068009
84.349171 0.044115
84.394802 0.015476
84.440433 0.005962
84.486064 0.002553
84.531695 0.000000
84.577326 0.000000
84.622957 0.001689
84.668589 0.005103
84.714220 0.008252
84.759851 0.007351
84.805482 0.001249
84.851113 0.002018
84.896744 0.002962
84.942375 0.000469
84.988007 0.000000
85.033638 0.000000
85.079269 0.000000
85.124900 0.000000
85.170531 0.000000
85.216162 0.000000
85.261793 0.000000
85.307425 0.000000
85.353056 0.000000
85.398687 0.000000
85.444318 0.000000
85.489949 0.000000
85.535580 0.000000
85.581212 0.000000
85.626843 0.000000
85.672474 0.000000
85.718105 0.000000
85.763736 0.000000
85.809367 0.000000
85.854998 0.000347
85.900630 0.005773
85.946261 0.004467
85.991892 0.000000
86.037523 0.000000
86.083154 0.000000
86.128785 0.000000
86.174416 0.004042
86.220048 0.021586
86.265679 0.036585
86.311310 0.059798
86.356941 0.037926
86.402572 0.061121
86.448203 0.169593
86.493834 0.206542
86.539466 0.121011
86.585097 0.018837
86.630728 0.000000
86.676359 0.000000
86.721990 0.000000
86.767621 0.000000
86.813252 0.000000
86.858884 0.000000
86.904515 0.000000
86.950146 0.000000
86.995777 0.000000
87.041408 0.000000
87.087039 0.000000
87.132670 0.000000
87.178302 0.000000
87.223933 0.000000
87.269564 0.000000
87.315195 0.000000
87.360826 0.000000
87.406457 0.000000
87.452088 0.000000
87.497720 0.000000
87.543351 0.000000
87.588982 0.000000
87.634613 0.000000
87.680244 0.000000
87.725875 0.000000
87.771506 0.000000
87.817138 0.000000
87.862769 0.000000
87.908400 0.000000
87.954031 0.000000
87.999662 0.000000
88.045293 0.000000
88.090924 0.000000
88.136556 0.000000
88.182187 0.000000
88.227818 0.000000
88.273449 0.000000
88.319080 0.000000
88.364711 0.000000
88.410342 0.000000
88.455974 0.000000
88.501605 0.000000
88.547236 0.000000
88.592867 0.000000
88.638498 0.000000
88.684129 0.000000
88.729760 0.000000
88.775392 0.000000
88.821023 0.000000
88.866654 0.000000
88.912285 0.000000
88.957916 0.000000
89.003547 0.000000
89.049178 0.000000
89.094810 0.000000
89.140441 0.000000
89.186072 0.000000
89.231703 0.000000
89.277334 0.000000
89.322965 0.000000
89.368596 0.000000
89.414228 0.000000
89.459859 0.000000
89.505490 0.000000
89.551121 0.000000
89.596752 0.000000
89.642383 0.000000
89.688015 0.000000
89.733646 0.000000
89.779277 0.000000
89.824908 0.000000
89.870539 0.000000
89.916170 0.000000
89.961801 0.000000
90.007433 0.000000
90.053064 0.000000
90.098695 0.000000
90.144326 0.000000
90.189957 0.000000
90.235588 0.000000
90.281219 0.000000
90.326851 0.000000
90.372482 0.000000
90.418113 0.000000
90.463744 0.000000
90.509375 0.000000
90.555006 0.000000
90.600637 0.000000
90.646269 0.000000
90.691900 0.000000
90.737531 0.000000
90.783162 0.000000
90.828793 0.000000
90.874424 0.000000
90.920055 0.000000
90.965687 0.000000
91.011318 0.000000
91.056949 0.000000
91.102580 0.000000
91.148211 0.000000
91.193842 0.000000
91.239473 0.000000
