0.022816 0.000000
0.068447 0.000000
0.114078 0.000000
0.159709 0.000000
0.205340 0.000000
0.250971 0.000000
0.296602 0.000000
0.342234 0.000000
0.387865 0.000000
0.433496 0.000000
0.479127 0.000000
0.524758 0.000000
0.570389 0.000000
0.616020 0.000000
0.661652 0.000000
0.707283 0.000000
0.752914 0.000000
0.798545 0.000000
0.844176 0.000000
0.889807 0.000000
0.935438 0.000000
0.981070 0.000000
1.026701 0.000000
1.072332 0.000000
1.117963 0.000000
1.163594 0.000000
1.209225 0.000000
1.254856 0.000000
1.300488 0.000000
1.346119 0.000000
1.391750 0.000000
1.437381 0.000000
1.483012 0.000000
1.528643 0.000000
1.574274 0.000000
1.619906 0.000000
1.665537 0.000000
1.711168 0.000000
1.756799 0.000000
1.802430 0.000000
1.848061 0.000000
1.893692 0.000000
1.939324 0.000000
1.984955 0.000000
2.030586 0.000000
2.076217 0.000000
2.121848 0.000000
2.167479 0.000000
2.213111 0.000000
2.258742 0.000000
2.304373 0.000000
2.350004 0.000000
2.395635 0.000000
2.441266 0.000000
2.486897 0.000000
2.532529 0.000000
2.578160 0.000000
2.623791 0.000000
2.669422 0.001520
2.715053 0.046498
2.760684 0.092224
2.806315 0.082929
2.851947 0.088151
2.897578 0.140938
2.943209 0.182516
2.988840 0.254229
3.034471 0.280521
3.080102 0.270051
3.125733 0.398410
3.171365 0.558306
3.216996 0.691899
3.262627 0.751712
3.308258 0.892781
3.353889 0.994093
3.399520 0.972553
3.445151 0.963318
3.490783 1.001104
3.536414 1.187259
3.582045 1.268203
3.627676 1.210197
3.673307 1.302681
3.718938 1.366417
3.764569 1.432132
3.810201 1.559000
3.855832 1.593580
3.901463 1.369186
3.947094 1.193989
3.992725 1.144281
4.038356 1.208725
4.083987 1.384192
4.129619 1.403336
4.175250 1.283565
4.220881 1.216905
4.266512 1.340062
4.312143 1.259064
4.357774 1.225721
4.403405 1.210107
4.449037 1.074242
4.494668 1.126807
4.540299 1.199198
4.585930 1.130637
4.631561 1.090578
4.677192 1.079829
4.722823 1.048400
4.768455 1.052032
4.814086 1.020387
4.859717 0.952103
4.905348 0.900304
4.950979 0.840984
4.996610 0.846392
5.042241 0.879470
5.087873 0.904848
5.133504 0.846419
5.179135 0.797160
5.224766 0.774354
5.270397 0.819596
5.316028 0.765190
5.361659 0.770236
5.407291 0.794704
5.452922 0.810296
5.498553 0.797096
5.544184 0.785681
5.589815 0.721208
5.635446 0.707522
5.681077 0.679923
5.726709 0.622711
5.772340 0.670056
5.817971 0.698954
5.863602 0.645874
5.909233 0.611713
5.954864 0.592206
6.000496 0.606496
6.046127 0.617023
6.091758 0.649303
6.137389 0.637436
6.183020 0.562344
6.228651 0.519761
6.274282 0.566068
6.319914 0.566642
6.365545 0.541805
6.411176 0.504667
6.456807 0.468659
6.502438 0.511041
6.548069 0.504283
6.593700 0.424786
6.639332 0.418919
6.684963 0.457331
6.730594 0.430956
6.776225 0.439708
6.821856 0.447408
6.867487 0.490900
6.913118 0.530815
6.958750 0.500105
7.004381 0.421894
7.050012 0.411106
7.095643 0.422058
7.141274 0.439656
7.186905 0.422973
7.232536 0.443347
7.278168 0.461336
7.323799 0.514389
7.369430 0.600737
7.415061 0.492208
7.460692 0.384519
7.506323 0.407003
7.551954 0.438354
7.597586 0.441044
7.643217 0.376309
7.688848 0.391228
7.734479 0.413746
7.780110 0.382473
7.825741 0.352684
7.871372 0.335414
7.917004 0.369911
7.962635 0.360666
8.008266 0.308016
8.053897 0.304779
8.099528 0.383446
8.145159 0.383278
8.190790 0.345585
8.236422 0.370113
8.282053 0.362250
8.327684 0.363969
8.373315 0.380996
8.418946 0.349820
8.464577 0.334611
8.510208 0.321390
8.555840 0.301906
8.601471 0.307380
8.647102 0.309002
8.692733 0.316880
8.738364 0.318391
8.783995 0.281400
8.829626 0.296824
8.875258 0.318724
8.920889 0.313164
8.966520 0.352165
9.012151 0.382137
9.057782 0.342702
9.103413 0.349494
9.149044 0.340574
9.194676 0.338470
9.240307 0.294310
9.285938 0.264062
9.331569 0.313540
9.377200 0.310061
9.422831 0.282234
9.468462 0.323370
9.514094 0.296668
9.559725 0.277353
9.605356 0.271941
9.650987 0.269364
9.696618 0.328783
9.742249 0.305923
9.787880 0.249254
9.833512 0.291750
9.879143 0.310600
9.924774 0.290896
9.970405 0.288352
10.016036 0.298217
10.061667 0.325335
10.107299 0.333470
10.152930 0.285933
10.198561 0.267461
10.244192 0.258934
10.289823 0.246071
10.335454 0.271049
10.381085 0.263580
10.426717 0.266483
10.472348 0.290618
10.517979 0.274529
10.563610 0.309916
10.609241 0.329426
10.654872 0.322432
10.700503 0.327399
10.746135 0.311058
10.791766 0.333706
10.837397 0.310039
10.883028 0.298212
10.928659 0.325113
10.974290 0.345943
11.019921 0.342814
11.065553 0.337760
11.111184 0.357688
11.156815 0.320843
11.202446 0.348553
11.248077 0.362498
11.293708 0.320763
11.339339 0.352361
11.384971 0.398697
11.430602 0.386294
11.476233 0.406990
11.521864 0.391865
11.567495 0.384198
11.613126 0.385495
11.658757 0.440834
11.704389 0.463539
11.750020 0.508005
11.795651 0.501089
11.841282 0.532087
11.886913 0.568639
11.932544 0.584435
11.978175 0.590738
12.023807 0.583503
12.069438 0.592859
12.115069 0.577870
12.160700 0.619703
12.206331 0.660570
12.251962 0.688405
12.297593 0.705200
12.343225 0.651110
12.388856 0.667801
12.434487 0.764477
12.480118 0.741555
12.525749 0.735256
12.571380 0.841129
12.617011 0.884930
12.662643 0.905035
12.708274 0.939856
12.753905 0.995962
12.799536 1.038469
12.845167 1.045238
12.890798 1.098500
12.936429 1.095126
12.982061 1.090684
13.027692 1.175551
13.073323 1.221967
13.118954 1.275957
13.164585 1.381601
13.210216 1.420357
13.255847 1.477093
13.301479 1.537411
13.347110 1.522974
13.392741 1.556312
13.438372 1.715837
13.484003 1.772179
13.529634 1.818668
13.575265 1.858993
13.620897 1.927424
13.666528 1.983286
13.712159 2.115860
13.757790 2.211234
13.803421 2.176406
13.849052 2.252938
13.894683 2.390324
13.940315 2.422444
13.985946 2.356936
14.031577 2.350544
14.077208 2.492432
14.122839 2.626892
14.168470 2.732034
14.214102 2.709030
14.259733 2.716575
14.305364 2.778955
14.350995 2.843014
14.396626 2.893570
14.442257 2.951940
14.487888 2.946988
14.533520 2.906201
14.579151 2.952345
14.624782 3.059668
14.670413 3.123621
14.716044 3.059180
14.761675 3.052533
14.807306 3.033286
14.852938 3.062438
14.898569 3.131453
14.944200 3.188021
14.989831 3.134109
15.035462 3.108855
15.081093 3.154661
15.126724 3.156704
15.172356 3.101087
15.217987 3.079220
15.263618 2.970399
15.309249 2.901057
15.354880 2.918202
15.400511 2.873545
15.446142 2.843912
15.491774 2.792855
15.537405 2.692315
15.583036 2.658016
15.628667 2.619347
15.674298 2.545212
15.719929 2.420655
15.765560 2.329595
15.811192 2.224074
15.856823 2.177918
15.902454 2.169027
15.948085 2.126970
15.993716 2.068164
16.039347 2.028718
16.084978 1.983163
16.130610 1.869196
16.176241 1.854532
16.221872 1.796137
16.267503 1.707800
16.313134 1.601376
16.358765 1.511981
16.404396 1.442474
16.450028 1.447658
16.495659 1.459164
16.541290 1.383566
16.586921 1.322324
16.632552 1.213289
16.678183 1.172616
16.723814 1.173891
16.769446 1.108685
16.815077 1.011589
16.860708 0.990358
16.906339 0.971437
16.951970 0.907295
16.997601 0.889322
17.043232 0.830970
17.088864 0.795426
17.134495 0.783342
17.180126 0.736398
17.225757 0.678425
17.271388 0.629065
17.317019 0.601494
17.362650 0.611569
17.408282 0.578451
17.453913 0.557741
17.499544 0.546984
17.545175 0.533561
17.590806 0.495131
17.636437 0.481772
17.682068 0.538631
17.727700 0.756728
17.773331 1.615102
17.818962 4.325842
17.864593 6.301778
17.910224 3.784505
17.955855 1.457613
18.001487 0.626887
18.047118 0.392692
18.092749 0.331730
18.138380 0.333673
18.184011 0.303645
18.229642 0.278302
18.275273 0.277253
18.320905 0.254278
18.366536 0.236450
18.412167 0.217066
18.457798 0.219491
18.503429 0.248230
18.549060 0.226777
18.594691 0.211378
18.640323 0.215917
18.685954 0.197302
18.731585 0.191144
18.777216 0.179010
18.822847 0.163937
18.868478 0.162817
18.914109 0.153179
18.959741 0.160131
19.005372 0.159884
19.051003 0.158438
19.096634 0.129401
19.142265 0.114197
19.187896 0.126094
19.233527 0.119545
19.279159 0.119070
19.324790 0.109512
19.370421 0.109390
19.416052 0.116387
19.461683 0.106683
19.507314 0.114798
19.552945 0.120506
19.598577 0.103250
19.644208 0.098379
19.689839 0.085033
19.735470 0.071727
19.781101 0.072961
19.826732 0.079411
19.872363 0.090842
19.917995 0.100256
19.963626 0.097452
20.009257 0.069177
20.054888 0.062160
20.100519 0.063157
20.146150 0.050952
20.191781 0.057065
20.237413 0.064424
20.283044 0.060099
20.328675 0.055132
20.374306 0.055387
20.419937 0.057765
20.465568 0.060215
20.511199 0.051461
20.556831 0.048347
20.602462 0.063875
20.648093 0.071907
20.693724 0.065376
20.739355 0.053614
20.784986 0.042591
20.830617 0.036381
20.876249 0.038938
20.921880 0.032601
20.967511 0.024030
21.013142 0.027142
21.058773 0.040776
21.104404 0.038039
21.150035 0.032540
21.195667 0.025166
21.241298 0.019385
21.286929 0.026194
21.332560 0.039730
21.378191 0.042570
21.423822 0.034183
21.469453 0.026962
21.515085 0.027072
21.560716 0.028725
21.606347 0.028332
21.651978 0.029096
21.697609 0.028534
21.743240 0.030035
21.788871 0.024704
21.834503 0.021972
21.880134 0.022559
21.925765 0.026157
21.971396 0.024692
22.017027 0.025679
22.062658 0.022886
22.108290 0.018843
22.153921 0.019693
22.199552 0.026716
22.245183 0.023421
22.290814 0.018541
22.336445 0.021177
22.382076 0.019299
22.427708 0.020603
22.473339 0.022306
22.518970 0.019717
22.564601 0.019909
22.610232 0.015408
22.655863 0.019072
22.701494 0.023669
22.747126 0.019105
22.792757 0.019277
22.838388 0.022799
22.884019 0.019064
22.929650 0.014387
22.975281 0.017136
23.020912 0.020686
23.066544 0.017745
23.112175 0.012116
23.157806 0.012087
23.203437 0.013628
23.249068 0.012883
23.294699 0.013269
23.340330 0.013560
23.385962 0.014199
23.431593 0.024196
23.477224 0.022719
23.522855 0.011431
23.568486 0.007409
23.614117 0.010530
23.659748 0.013713
23.705380 0.013284
23.751011 0.011315
23.796642 0.011054
23.842273 0.012582
23.887904 0.010762
23.933535 0.014413
23.979166 0.012529
24.024798 0.011647
24.070429 0.015304
24.116060 0.014996
24.161691 0.020507
24.207322 0.062694
24.252953 0.360911
24.298584 1.729264
24.344216 4.611122
24.389847 4.659772
24.435478 1.775248
24.481109 0.391286
24.526740 0.081296
24.572371 0.019421
24.618002 0.011224
24.663634 0.008004
24.709265 0.005837
24.754896 0.011064
24.800527 0.011202
24.846158 0.009665
24.891789 0.009112
24.937420 0.010213
24.983052 0.008067
25.028683 0.010297
25.074314 0.010079
25.119945 0.006764
25.165576 0.009010
25.211207 0.009587
25.256838 0.008121
25.302470 0.007221
25.348101 0.007504
25.393732 0.009964
25.439363 0.009155
25.484994 0.013197
25.530625 0.010546
25.576256 0.007649
25.621888 0.006989
25.667519 0.008140
25.713150 0.006330
25.758781 0.007424
25.804412 0.008067
25.850043 0.006904
25.895675 0.004790
25.941306 0.008665
25.986937 0.027832
26.032568 0.171522
26.078199 0.800933
26.123830 1.415050
26.169461 0.938696
26.215093 0.282507
26.260724 0.043811
26.306355 0.009115
26.351986 0.004641
26.397617 0.004591
26.443248 0.005589
26.488879 0.006457
26.534511 0.005459
26.580142 0.005148
26.625773 0.005229
26.671404 0.004661
26.717035 0.004236
26.762666 0.004175
26.808297 0.003386
26.853929 0.001451
26.899560 0.002313
26.945191 0.003548
26.990822 0.002897
27.036453 0.001986
27.082084 0.004821
27.127715 0.005907
27.173347 0.002947
27.218978 0.003856
27.264609 0.003734
27.310240 0.002901
27.355871 0.001764
27.401502 0.002528
27.447133 0.003999
27.492765 0.004414
27.538396 0.004287
27.584027 0.001513
27.629658 0.001403
27.675289 0.003937
27.720920 0.003355
27.766551 0.001649
27.812183 0.003240
27.857814 0.005203
27.903445 0.005139
27.949076 0.002773
27.994707 0.003678
28.040338 0.003548
28.085969 0.001807
28.131601 0.002245
28.177232 0.004602
28.222863 0.004592
28.268494 0.003573
28.314125 0.001740
28.359756 0.001455
28.405387 0.002247
28.451019 0.002077
28.496650 0.003048
28.542281 0.003186
28.587912 0.002776
28.633543 0.014208
28.679174 0.040256
28.724805 0.033391
28.770437 0.013351
28.816068 0.001041
28.861699 0.001678
28.907330 0.002825
28.952961 0.002410
28.998592 0.001444
29.044223 0.001173
29.089855 0.001734
29.135486 0.001409
29.181117 0.001151
29.226748 0.004832
29.272379 0.003469
29.318010 0.000962
29.363641 0.001913
29.409273 0.003041
29.454904 0.003243
29.500535 0.004048
29.546166 0.002245
29.591797 0.007755
29.637428 0.073538
29.683059 0.431812
29.728691 2.143063
29.774322 6.349715
29.819953 8.163438
29.865584 4.431873
29.911215 1.153920
29.956846 0.223936
30.002478 0.038944
30.048109 0.006379
30.093740 0.001907
30.139371 0.002540
30.185002 0.002694
30.230633 0.002202
30.276264 0.002506
30.321896 0.003144
30.367527 0.002236
30.413158 0.002130
30.458789 0.000708
30.504420 0.001381
30.550051 0.002119
30.595682 0.001478
30.641314 0.005089
30.686945 0.025704
30.732576 0.060277
30.778207 0.078886
30.823838 0.039963
30.869469 0.012474
30.915100 0.002884
30.960732 0.001703
31.006363 0.001998
31.051994 0.001646
31.097625 0.002536
31.143256 0.003138
31.188887 0.002977
31.234518 0.002789
31.280150 0.003058
31.325781 0.004611
31.371412 0.002671
31.417043 0.001197
31.462674 0.001710
31.508305 0.001616
31.553936 0.001080
31.599568 0.011216
31.645199 0.027480
31.690830 0.018451
31.736461 0.004653
31.782092 0.002214
31.827723 0.001633
31.873354 0.000696
31.918986 0.001396
31.964617 0.000726
32.010248 0.002589
32.055879 0.003157
32.101510 0.003357
32.147141 0.002030
32.192772 0.001529
32.238404 0.001345
32.284035 0.000799
32.329666 0.002546
32.375297 0.002467
32.420928 0.001796
32.466559 0.001592
32.512190 0.001313
32.557822 0.001576
32.603453 0.002590
32.649084 0.002472
32.694715 0.001880
32.740346 0.001911
32.785977 0.001373
32.831608 0.001926
32.877240 0.002050
32.922871 0.001171
32.968502 0.000807
33.014133 0.001504
33.059764 0.001370
33.105395 0.001544
33.151026 0.001063
33.196658 0.001516
33.242289 0.001858
33.287920 0.002443
33.333551 0.002164
33.379182 0.000589
33.424813 0.000000
33.470444 0.000125
33.516076 0.001095
33.561707 0.002025
33.607338 0.001924
33.652969 0.001059
33.698600 0.001262
33.744231 0.000299
33.789862 0.000192
33.835494 0.000588
33.881125 0.000320
33.926756 0.001619
33.972387 0.002083
34.018018 0.001521
34.063649 0.001275
34.109281 0.002933
34.154912 0.002247
34.200543 0.001359
34.246174 0.000984
34.291805 0.000915
34.337436 0.000921
34.383067 0.000813
34.428699 0.001467
34.474330 0.000700
34.519961 0.000706
34.565592 0.000787
34.611223 0.000340
34.656854 0.001161
34.702485 0.002014
34.748117 0.000864
34.793748 0.000170
34.839379 0.000279
34.885010 0.001182
34.930641 0.000540
34.976272 0.000000
35.021903 0.000139
35.067535 0.000617
35.113166 0.000510
35.158797 0.000720
35.204428 0.001352
35.250059 0.001772
35.295690 0.000840
35.341321 0.000000
35.386953 0.000631
35.432584 0.001435
35.478215 0.001777
35.523846 0.002718
35.569477 0.027470
35.615108 0.248716
35.660739 1.169481
35.706371 3.183064
35.752002 3.271942
35.797633 1.520993
35.843264 0.315892
35.888895 0.047566
35.934526 0.005645
35.980157 0.001385
36.025789 0.002196
36.071420 0.001570
36.117051 0.001185
36.162682 0.000665
36.208313 0.000471
36.253944 0.000487
36.299575 0.001288
36.345207 0.001166
36.390838 0.001972
36.436469 0.002453
36.482100 0.000501
36.527731 0.000000
36.573362 0.001177
36.618993 0.001872
36.664625 0.001304
36.710256 0.001339
36.755887 0.001327
36.801518 0.001758
36.847149 0.001083
36.892780 0.000313
36.938411 0.000000
36.984043 0.000406
37.029674 0.001110
37.075305 0.001652
37.120936 0.001558
37.166567 0.001457
37.212198 0.001276
37.257829 0.000440
37.303461 0.000166
37.349092 0.000533
37.394723 0.000671
37.440354 0.002126
37.485985 0.002793
37.531616 0.001490
37.577247 0.000545
37.622879 0.006547
37.668510 0.018730
37.714141 0.016999
37.759772 0.007284
37.805403 0.001548
37.851034 0.000876
37.896666 0.001149
37.942297 0.001194
37.987928 0.001110
38.033559 0.000779
38.079190 0.000750
38.124821 0.000463
38.170452 0.000449
38.216084 0.000908
38.261715 0.000558
38.307346 0.000002
38.352977 0.000154
38.398608 0.001512
38.444239 0.002264
38.489870 0.000883
38.535502 0.000825
38.581133 0.004290
38.626764 0.039167
38.672395 0.257603
38.718026 1.242086
38.763657 4.435482
38.809288 7.944888
38.854920 5.988273
38.900551 1.775716
38.946182 0.403414
38.991813 0.071191
39.037444 0.006977
39.083075 0.001229
39.128706 0.000773
39.174338 0.001442
39.219969 0.000603
39.265600 0.000000
39.311231 0.000416
39.356862 0.002027
39.402493 0.001122
39.448124 0.001076
39.493756 0.000911
39.539387 0.000377
39.585018 0.001367
39.630649 0.000953
39.676280 0.000153
39.721911 0.000214
39.767542 0.000750
39.813174 0.001163
39.858805 0.001724
39.904436 0.002200
39.950067 0.008834
39.995698 0.010985
40.041329 0.002873
40.086960 0.002782
40.132592 0.018682
40.178223 0.055646
40.223854 0.062707
40.269485 0.025430
40.315116 0.002228
40.360747 0.001669
40.406378 0.002718
40.452010 0.001750
40.497641 0.000804
40.543272 0.000960
40.588903 0.001088
40.634534 0.001648
40.680165 0.001571
40.725796 0.000463
40.771428 0.000000
40.817059 0.000011
40.862690 0.001107
40.908321 0.001571
40.953952 0.007091
40.999583 0.055031
41.045214 0.187795
41.090846 0.456310
41.136477 0.627710
41.182108 0.420459
41.227739 0.106225
41.273370 0.015609
41.319001 0.002696
41.364632 0.001658
41.410264 0.001467
41.455895 0.002194
41.501526 0.002079
41.547157 0.001462
41.592788 0.000284
41.638419 0.000000
41.684050 0.000000
41.729682 0.000226
41.775313 0.001156
41.820944 0.001710
41.866575 0.002677
41.912206 0.002139
41.957837 0.000917
42.003469 0.000615
42.049100 0.001001
42.094731 0.000140
42.140362 0.000510
42.185993 0.000995
42.231624 0.001787
42.277255 0.001817
42.322887 0.001232
42.368518 0.001428
42.414149 0.000978
42.459780 0.001272
42.505411 0.001346
42.551042 0.001195
42.596673 0.000296
42.642305 0.000345
42.687936 0.000502
42.733567 0.001418
42.779198 0.002948
42.824829 0.001049
42.870460 0.000546
42.916091 0.001548
42.961723 0.001839
43.007354 0.002246
43.052985 0.002996
43.098616 0.002267
43.144247 0.000990
43.189878 0.000483
43.235509 0.000811
43.281141 0.002008
43.326772 0.001261
43.372403 0.000121
43.418034 0.000395
43.463665 0.001506
43.509296 0.001630
43.554927 0.001780
43.600559 0.001611
43.646190 0.001339
43.691821 0.001475
43.737452 0.001142
43.783083 0.000854
43.828714 0.000385
43.874345 0.001383
43.919977 0.000812
43.965608 0.000018
44.011239 0.000917
44.056870 0.003529
44.102501 0.029540
44.148132 0.190629
44.193763 0.983755
44.239395 2.847871
44.285026 3.566605
44.330657 1.978804
44.376288 0.494439
44.421919 0.095221
44.467550 0.015278
44.513181 0.002472
44.558813 0.002399
44.604444 0.001384
44.650075 0.000118
44.695706 0.000582
44.741337 0.000876
44.786968 0.000929
44.832599 0.000965
44.878231 0.000056
44.923862 0.000947
44.969493 0.001919
45.015124 0.001992
45.060755 0.003907
45.106386 0.023000
45.152017 0.174559
45.197649 0.873237
45.243280 2.036327
45.288911 2.179106
45.334542 0.975818
45.380173 0.216277
45.425804 0.031548
45.471435 0.003786
45.517067 0.001413
45.562698 0.001509
45.608329 0.001378
45.653960 0.001755
45.699591 0.001551
45.745222 0.000971
45.790854 0.000896
45.836485 0.000829
45.882116 0.000247
45.927747 0.000000
45.973378 0.000400
46.019009 0.001253
46.064640 0.001685
46.110272 0.001665
46.155903 0.000452
46.201534 0.000491
46.247165 0.001471
46.292796 0.000911
46.338427 0.001553
46.384058 0.001439
46.429690 0.001568
46.475321 0.007819
46.520952 0.030868
46.566583 0.029919
46.612214 0.006852
46.657845 0.001185
46.703476 0.001677
46.749108 0.001527
46.794739 0.000473
46.840370 0.000888
46.886001 0.000766
46.931632 0.001263
46.977263 0.001938
47.022894 0.002044
47.068526 0.002016
47.114157 0.001231
47.159788 0.000771
47.205419 0.000423
47.251050 0.000181
47.296681 0.000000
47.342312 0.000607
47.387944 0.001933
47.433575 0.001882
47.479206 0.000878
47.524837 0.000595
47.570468 0.001129
47.616099 0.000697
47.661730 0.000202
47.707362 0.000514
47.752993 0.000636
47.798624 0.001141
47.844255 0.000502
47.889886 0.000153
47.935517 0.000826
47.981148 0.002324
48.026780 0.002104
48.072411 0.000809
48.118042 0.000525
48.163673 0.001108
48.209304 0.001254
48.254935 0.000050
48.300566 0.000001
48.346198 0.000423
48.391829 0.000501
48.437460 0.001217
48.483091 0.001502
48.528722 0.001662
48.574353 0.001140
48.619984 0.003191
48.665616 0.017295
48.711247 0.063526
48.756878 0.066190
48.802509 0.025953
48.848140 0.002215
48.893771 0.000675
48.939402 0.002273
48.985034 0.001607
49.030665 0.000156
49.076296 0.000391
49.121927 0.000617
49.167558 0.000856
49.213189 0.000508
49.258820 0.001446
49.304452 0.002089
49.350083 0.001619
49.395714 0.000938
49.441345 0.000385
49.486976 0.001090
49.532607 0.001124
49.578238 0.000930
49.623870 0.000616
49.669501 0.000443
49.715132 0.000975
49.760763 0.000711
49.806394 0.000326
49.852025 0.000834
49.897657 0.000269
49.943288 0.000427
49.988919 0.003679
50.034550 0.040360
50.080181 0.268773
50.125812 0.811685
50.171443 1.161933
50.217075 0.718330
50.262706 0.244838
50.308337 0.363921
50.353968 0.684745
50.399599 0.687228
50.445230 0.369479
50.490861 0.138167
50.536493 0.037740
50.582124 0.006292
50.627755 0.000455
50.673386 0.000401
50.719017 0.000403
50.764648 0.000822
50.810279 0.001534
50.855911 0.000811
50.901542 0.000154
50.947173 0.000332
50.992804 0.000421
51.038435 0.000591
51.084066 0.000801
51.129697 0.000112
51.175329 0.000000
51.220960 0.000319
51.266591 0.000428
51.312222 0.000125
51.357853 0.000417
51.403484 0.000473
51.449115 0.000499
51.494747 0.001320
51.540378 0.001051
51.586009 0.000267
51.631640 0.000494
51.677271 0.000664
51.722902 0.000181
51.768533 0.000000
51.814165 0.000000
51.859796 0.000504
51.905427 0.000864
51.951058 0.001395
51.996689 0.001254
52.042320 0.003626
52.087951 0.006901
52.133583 0.008186
52.179214 0.035158
52.224845 0.167920
52.270476 0.296362
52.316107 0.203062
52.361738 0.047087
52.407369 0.003908
52.453001 0.000015
52.498632 0.000322
52.544263 0.000413
52.589894 0.000613
52.635525 0.000569
52.681156 0.000141
52.726787 0.000000
52.772419 0.000091
52.818050 0.000694
52.863681 0.000537
52.909312 0.000238
52.954943 0.000710
53.000574 0.000371
53.046205 0.000222
53.091837 0.000397
53.137468 0.000056
53.183099 0.000730
53.228730 0.000614
53.274361 0.000082
53.319992 0.000000
53.365623 0.000000
53.411255 0.000044
53.456886 0.000949
53.502517 0.001949
53.548148 0.006836
53.593779 0.028824
53.639410 0.027601
53.685041 0.005743
53.730673 0.001130
53.776304 0.000853
53.821935 0.000294
53.867566 0.000169
53.913197 0.000619
53.958828 0.000936
54.004460 0.000615
54.050091 0.001671
54.095722 0.011825
54.141353 0.068397
54.186984 0.184579
54.232615 0.205760
54.278246 0.082741
54.323878 0.013985
54.369509 0.000886
54.415140 0.000000
54.460771 0.000000
54.506402 0.000000
54.552033 0.000000
54.597664 0.000038
54.643296 0.000700
54.688927 0.000539
54.734558 0.000000
54.780189 0.000000
54.825820 0.000253
54.871451 0.000416
54.917082 0.000094
54.962714 0.000000
55.008345 0.000000
55.053976 0.000000
55.099607 0.000262
55.145238 0.012258
55.190869 0.069717
55.236500 0.162269
55.282132 0.200570
55.327763 0.141592
55.373394 0.052818
55.419025 0.009729
55.464656 0.000459
55.510287 0.000000
55.555918 0.000000
55.601550 0.000000
55.647181 0.000000
55.692812 0.000000
55.738443 0.000000
55.784074 0.000000
55.829705 0.000000
55.875336 0.000000
55.920968 0.000000
55.966599 0.000000
56.012230 0.000000
56.057861 0.000000
56.103492 0.000000
56.149123 0.000000
56.194754 0.000000
56.240386 0.000000
56.286017 0.000000
56.331648 0.000000
56.377279 0.000208
56.422910 0.005686
56.468541 0.060228
56.514172 0.282525
56.559804 0.673317
56.605435 0.684802
56.651066 0.300567
56.696697 0.070007
56.742328 0.011087
56.787959 0.000362
56.833590 0.000151
56.879222 0.000440
56.924853 0.000235
56.970484 0.000000
57.016115 0.000000
57.061746 0.000000
57.107377 0.003406
57.153008 0.002747
57.198640 0.000322
57.244271 0.000245
57.289902 0.000391
57.335533 0.011050
57.381164 0.051084
57.426795 0.075804
57.472426 0.039561
57.518058 0.008149
57.563689 0.025926
57.609320 0.197106
57.654951 0.536783
57.700582 0.697940
57.746213 0.324596
57.791845 0.067903
57.837476 0.003104
57.883107 0.000000
57.928738 0.000000
57.974369 0.000000
58.020000 0.000000
58.065631 0.000000
58.111263 0.000000
58.156894 0.000046
58.202525 0.000419
58.248156 0.000255
58.293787 0.000067
58.339418 0.000326
58.385049 0.000205
58.430681 0.000000
58.476312 0.000000
58.521943 0.000000
58.567574 0.000000
58.613205 0.000000
58.658836 0.000000
58.704467 0.000000
58.750099 0.000000
58.795730 0.000000
58.841361 0.000000
58.886992 0.000000
58.932623 0.000065
58.978254 0.004092
59.023885 0.026960
59.069517 0.061552
59.115148 0.066878
59.160779 0.037372
59.206410 0.008982
59.252041 0.000177
59.297672 0.000000
59.343303 0.000000
59.388935 0.000000
59.434566 0.000220
59.480197 0.002987
59.525828 0.031007
59.571459 0.174002
59.617090 0.448017
59.662721 0.515921
59.708353 0.259043
59.753984 0.055491
59.799615 0.004891
59.845246 0.000155
59.890877 0.000000
59.936508 0.000000
59.982139 0.000000
60.027771 0.000000
60.073402 0.000000
60.119033 0.000000
60.164664 0.000000
60.210295 0.000000
60.255926 0.000000
60.301557 0.000000
60.347189 0.000000
60.392820 0.000000
60.438451 0.000000
60.484082 0.000000
60.529713 0.000000
60.575344 0.000000
60.620975 0.000000
60.666607 0.000000
60.712238 0.000000
60.757869 0.000000
60.803500 0.000000
60.849131 0.000000
60.894762 0.000000
60.940393 0.000000
60.986025 0.001119
61.031656 0.013807
61.077287 0.067376
61.122918 0.103966
61.168549 0.082586
61.214180 0.022806
61.259811 0.001869
61.305443 0.000042
61.351074 0.000000
61.396705 0.000000
61.442336 0.000000
61.487967 0.000118
61.533598 0.000386
61.579229 0.000063
61.624861 0.000000
61.670492 0.000000
61.716123 0.000000
61.761754 0.000000
61.807385 0.000000
61.853016 0.000000
61.898648 0.000000
61.944279 0.000000
61.989910 0.000000
62.035541 0.000000
62.081172 0.000000
62.126803 0.000000
62.172434 0.005632
62.218066 0.064581
62.263697 0.288144
62.309328 0.617421
62.354959 0.577975
62.400590 0.263105
62.446221 0.036188
62.491852 0.001975
62.537484 0.000000
62.583115 0.000221
62.628746 0.000363
62.674377 0.000068
62.720008 0.000000
62.765639 0.000000
62.811270 0.000000
62.856902 0.000000
62.902533 0.000000
62.948164 0.000034
62.993795 0.000369
63.039426 0.000632
63.085057 0.000778
63.130688 0.000531
63.176320 0.000217
63.221951 0.002542
63.267582 0.014276
63.313213 0.063683
63.358844 0.072939
63.404475 0.035864
63.450106 0.006479
63.495738 0.000790
63.541369 0.000000
63.587000 0.000000
63.632631 0.000000
63.678262 0.000000
63.723893 0.000000
63.769524 0.000256
63.815156 0.000462
63.860787 0.000000
63.906418 0.000000
63.952049 0.000000
63.997680 0.000000
64.043311 0.000000
64.088942 0.000000
64.134574 0.000000
64.180205 0.000000
64.225836 0.000000
64.271467 0.000000
64.317098 0.000000
64.362729 0.000000
64.408360 0.000000
64.453992 0.000000
64.499623 0.000000
64.545254 0.000000
64.590885 0.000000
64.636516 0.000000
64.682147 0.000000
64.727778 0.000000
64.773410 0.005227
64.819041 0.005170
64.864672 0.000000
64.910303 0.000000
64.955934 0.000000
65.001565 0.000000
65.047196 0.000000
65.092828 0.000000
65.138459 0.000000
65.184090 0.000000
65.229721 0.000000
65.275352 0.000000
65.320983 0.000000
65.366614 0.000274
65.412246 0.000401
65.457877 0.000459
65.503508 0.000281
65.549139 0.000000
65.594770 0.000000
65.640401 0.000000
65.686033 0.000000
65.731664 0.000000
65.777295 0.000000
65.822926 0.000000
65.868557 0.000000
65.914188 0.000160
65.959819 0.001854
66.005451 0.001843
66.051082 0.003503
66.096713 0.005482
66.142344 0.001607
66.187975 0.000307
66.233606 0.000000
66.279237 0.000000
66.324869 0.000000
66.370500 0.000000
66.416131 0.000327
66.461762 0.018448
66.507393 0.070085
66.553024 0.112727
66.598655 0.092169
66.644287 0.061238
66.689918 0.031589
66.735549 0.010655
66.781180 0.001509
66.826811 0.000000
66.872442 0.000000
66.918073 0.000000
66.963705 0.000000
67.009336 0.000000
67.054967 0.000000
67.100598 0.000000
67.146229 0.000000
67.191860 0.000000
67.237491 0.000000
67.283123 0.000000
67.328754 0.000000
67.374385 0.000066
67.420016 0.000786
67.465647 0.000764
67.511278 0.000098
67.556909 0.000000
67.602541 0.000000
67.648172 0.000557
67.693803 0.004899
67.739434 0.012063
67.785065 0.008279
67.830696 0.001029
67.876327 0.000000
67.921959 0.000000
67.967590 0.000402
68.013221 0.000529
68.058852 0.000062
68.104483 0.000000
68.150114 0.000000
68.195745 0.000000
68.241377 0.000000
68.287008 0.000000
68.332639 0.000000
68.378270 0.000238
68.423901 0.021827
68.469532 0.117689
68.515163 0.219857
68.560795 0.196978
68.606426 0.150051
68.652057 0.232718
68.697688 0.243953
68.743319 0.108716
68.788950 0.022472
68.834581 0.000974
68.880213 0.000000
68.925844 0.000000
68.971475 0.000000
69.017106 0.000819
69.062737 0.012721
69.108368 0.082460
69.153999 0.212707
69.199631 0.220111
69.245262 0.092718
69.290893 0.014688
69.336524 0.000000
69.382155 0.000000
69.427786 0.000000
69.473417 0.000000
69.519049 0.000000
69.564680 0.000000
69.610311 0.000000
69.655942 0.000000
69.701573 0.000000
69.747204 0.000000
69.792836 0.000000
69.838467 0.000000
69.884098 0.000000
69.929729 0.000213
69.975360 0.001849
70.020991 0.002456
70.066622 0.000803
70.112254 0.000000
70.157885 0.000000
70.203516 0.000000
70.249147 0.000000
70.294778 0.000000
70.340409 0.000000
70.386040 0.000000
70.431672 0.000000
70.477303 0.000000
70.522934 0.000000
70.568565 0.020041
70.614196 0.078923
70.659827 0.109292
70.705458 0.064198
70.751090 0.014922
70.796721 0.000090
70.842352 0.000000
70.887983 0.000000
70.933614 0.000000
70.979245 0.000000
71.024876 0.000000
71.070508 0.000000
71.116139 0.000000
71.161770 0.000000
71.207401 0.000000
71.253032 0.000000
71.298663 0.000000
71.344294 0.000000
71.389926 0.000308
71.435557 0.003992
71.481188 0.008724
71.526819 0.005848
71.572450 0.000815
71.618081 0.000000
71.663712 0.000000
71.709344 0.000000
71.754975 0.000000
71.800606 0.000000
71.846237 0.000000
71.891868 0.000000
71.937499 0.000000
71.983130 0.000000
72.028762 0.000000
72.074393 0.000000
72.120024 0.000000
72.165655 0.000000
72.211286 0.000000
72.256917 0.001646
72.302548 0.012178
72.348180 0.067733
72.393811 0.301186
72.439442 0.972838
72.485073 1.410920
72.530704 0.940191
72.576335 0.335973
72.621966 0.067061
72.667598 0.015857
72.713229 0.002297
72.758860 0.000000
72.804491 0.000000
72.850122 0.001443
72.895753 0.001790
72.941384 0.000089
72.987016 0.000000
73.032647 0.005324
73.078278 0.030228
73.123909 0.062597
73.169540 0.052662
73.215171 0.016487
73.260802 0.000862
73.306434 0.000000
73.352065 0.000000
73.397696 0.005778
73.443327 0.029053
73.488958 0.061032
73.534589 0.046945
73.580220 0.010591
73.625852 0.000372
73.671483 0.000000
73.717114 0.000000
73.762745 0.000000
73.808376 0.000000
73.854007 0.000000
73.899639 0.000000
73.945270 0.000000
73.990901 0.000000
74.036532 0.000000
74.082163 0.000000
74.127794 0.000000
74.173425 0.003359
74.219057 0.005306
74.264688 0.003656
74.310319 0.004861
74.355950 0.001501
74.401581 0.000000
74.447212 0.000000
74.492843 0.000000
74.538475 0.000000
74.584106 0.000000
74.629737 0.000000
74.675368 0.000000
74.720999 0.000000
74.766630 0.008920
74.812261 0.082395
74.857893 0.262435
74.903524 0.349082
74.949155 0.214899
74.994786 0.055048
75.040417 0.002886
75.086048 0.000719
75.131679 0.001193
75.177311 0.000318
75.222942 0.000000
75.268573 0.000000
75.314204 0.000000
75.359835 0.000541
75.405466 0.001159
75.451097 0.000420
75.496729 0.000000
75.542360 0.000000
75.587991 0.000000
75.633622 0.000000
75.679253 0.000000
75.724884 0.000000
75.770515 0.000000
75.816147 0.000000
75.861778 0.000000
75.907409 0.000000
75.953040 0.000000
75.998671 0.000000
76.044302 0.000000
76.089933 0.000936
76.135565 0.001221
76.181196 0.000099
76.226827 0.000000
76.272458 0.000000
76.318089 0.001220
76.363720 0.004851
76.409351 0.004663
76.454983 0.001634
76.500614 0.000251
76.546245 0.000000
76.591876 0.000000
76.637507 0.000000
76.683138 0.000000
76.728769 0.000000
76.774401 0.000000
76.820032 0.000000
76.865663 0.000000
76.911294 0.000000
76.956925 0.007757
77.002556 0.048209
77.048187 0.107126
77.093819 0.107762
77.139450 0.046235
77.185081 0.006921
77.230712 0.000000
77.276343 0.000000
77.321974 0.000000
77.367605 0.000000
77.413237 0.000000
77.458868 0.000000
77.504499 0.000000
77.550130 0.000000
77.595761 0.000000
77.641392 0.000000
77.687024 0.000000
77.732655 0.002636
77.778286 0.021373
77.823917 0.070660
77.869548 0.118336
77.915179 0.104846
77.960810 0.074757
78.006442 0.071569
78.052073 0.046943
78.097704 0.018036
78.143335 0.004523
78.188966 0.000000
78.234597 0.000000
78.280228 0.000072
78.325860 0.008189
78.371491 0.048757
78.417122 0.115689
78.462753 0.119827
78.508384 0.054619
78.554015 0.006979
78.599646 0.000000
78.645278 0.000000
78.690909 0.000000
78.736540 0.000000
78.782171 0.000000
78.827802 0.000000
78.873433 0.000000
78.919064 0.000000
78.964696 0.000000
79.010327 0.000000
79.055958 0.000000
79.101589 0.000000
79.147220 0.000000
79.192851 0.000000
79.238482 0.000000
79.284114 0.000000
79.329745 0.000000
79.375376 0.000000
79.421007 0.000000
79.466638 0.000000
79.512269 0.000000
79.557900 0.000000
79.603532 0.000000
79.649163 0.000000
79.694794 0.000000
79.740425 0.000000
79.786056 0.000000
79.831687 0.000000
79.877318 0.000000
79.922950 0.000000
79.968581 0.000000
80.014212 0.000000
80.059843 0.000000
80.105474 0.000000
80.151105 0.000000
80.196736 0.000000
80.242368 0.000000
80.287999 0.000000
80.333630 0.000000
80.379261 0.000000
80.424892 0.000000
80.470523 0.000000
80.516154 0.000000
80.561786 0.000000
80.607417 0.000000
80.653048 0.000000
80.698679 0.000000
80.744310 0.000000
80.789941 0.000000
80.835572 0.000000
80.881204 0.000000
80.926835 0.000000
80.972466 0.000000
81.018097 0.000000
81.063728 0.000000
81.109359 0.000000
81.154990 0.000000
81.200622 0.000000
81.246253 0.000000
81.291884 0.000941
81.337515 0.028868
81.383146 0.060536
81.428777 0.046771
81.474408 0.035309
81.520040 0.042812
81.565671 0.027805
81.611302 0.005831
81.656933 0.000000
81.702564 0.000000
81.748195 0.000000
81.793827 0.000000
81.839458 0.000000
81.885089 0.000000
81.930720 0.000000
81.976351 0.000000
82.021982 0.000000
82.067613 0.002649
82.113245 0.023032
82.158876 0.035793
82.204507 0.021329
82.250138 0.016734
82.295769 0.039697
82.341400 0.049914
82.387031 0.027362
82.432663 0.005559
82.478294 0.000000
82.523925 0.000000
82.569556 0.000000
82.615187 0.000000
82.660818 0.000000
82.706449 0.000000
82.752081 0.000000
82.797712 0.000000
82.843343 0.000000
82.888974 0.000000
82.934605 0.000000
82.980236 0.000000
83.025867 0.000000
83.071499 0.000000
83.117130 0.002237
83.162761 0.002065
83.208392 0.000000
83.254023 0.000000
83.299654 0.001769
83.345285 0.002650
83.390917 0.000428
83.436548 0.000000
83.482179 0.000000
83.527810 0.000000
83.573441 0.000000
83.619072 0.000000
83.664703 0.000000
83.710335 0.001590
83.755966 0.002850
83.801597 0.000773
83.847228 0.001488
83.892859 0.002678
83.938490 0.000734
83.984121 0.000000
84.029753 0.000000
84.075384 0.000084
84.121015 0.003050
84.166646 0.002474
84.212277 0.000000
84.257908 0.002500
84.303539 0.007642
84.349171 0.003861
84.394802 0.000000
84.440433 0.003816
84.486064 0.005471
84.531695 0.002143
84.577326 0.005859
84.622957 0.003427
84.668589 0.000000
84.714220 0.003016
84.759851 0.002788
84.805482 0.000000
84.851113 0.000000
84.896744 0.000000
84.942375 0.000000
84.988007 0.000000
85.033638 0.000000
85.079269 0.000000
85.124900 0.000000
85.170531 0.000000
85.216162 0.000000
85.261793 0.000000
85.307425 0.000000
85.353056 0.000000
85.398687 0.000000
85.444318 0.000000
85.489949 0.000000
85.535580 0.000000
85.581212 0.000000
85.626843 0.000000
85.672474 0.000000
85.718105 0.000000
85.763736 0.000000
85.809367 0.000000
85.854998 0.000347
85.900630 0.005773
85.946261 0.004467
85.991892 0.000000
86.037523 0.000000
86.083154 0.000000
86.128785 0.029643
86.174416 0.141017
86.220048 0.222542
86.265679 0.169302
86.311310 0.097305
86.356941 0.065315
86.402572 0.039266
86.448203 0.004654
86.493834 0.000000
86.539466 0.000000
86.585097 0.000000
86.630728 0.000000
86.676359 0.000000
86.721990 0.000000
86.767621 0.000000
86.813252 0.000000
86.858884 0.000000
86.904515 0.000000
86.950146 0.000000
86.995777 0.000000
87.041408 0.000000
87.087039 0.000000
87.132670 0.000000
87.178302 0.000000
87.223933 0.000000
87.269564 0.000000
87.315195 0.000000
87.360826 0.000000
87.406457 0.000000
87.452088 0.000000
87.497720 0.000000
87.543351 0.000000
87.588982 0.000000
87.634613 0.000000
87.680244 0.000000
87.725875 0.000000
87.771506 0.000000
87.817138 0.000000
87.862769 0.000000
87.908400 0.000000
87.954031 0.000000
87.999662 0.000000
88.045293 0.000000
88.090924 0.000000
88.136556 0.000000
88.182187 0.000000
88.227818 0.000000
88.273449 0.000000
88.319080 0.000000
88.364711 0.000000
88.410342 0.000000
88.455974 0.000000
88.501605 0.000000
88.547236 0.000000
88.592867 0.000000
88.638498 0.000000
88.684129 0.000000
88.729760 0.000000
88.775392 0.000000
88.821023 0.000000
88.866654 0.000000
88.912285 0.000000
88.957916 0.000000
89.003547 0.000000
89.049178 0.000000
89.094810 0.000000
89.140441 0.000000
89.186072 0.000000
89.231703 0.000000
89.277334 0.000000
89.322965 0.000000
89.368596 0.000000
89.414228 0.000000
89.459859 0.000000
89.505490 0.000000
89.551121 0.000000
89.596752 0.000000
89.642383 0.000000
89.688015 0.000000
89.733646 0.000000
89.779277 0.000000
89.824908 0.000000
89.870539 0.000000
89.916170 0.000000
89.961801 0.000000
90.007433 0.000000
90.053064 0.000000
90.098695 0.000000
90.144326 0.000000
90.189957 0.000000
90.235588 0.000000
90.281219 0.000000
90.326851 0.000000
90.372482 0.000000
90.418113 0.000000
90.463744 0.000000
90.509375 0.000000
90.555006 0.000000
90.600637 0.000000
90.646269 0.000000
90.691900 0.000000
90.737531 0.000000
90.783162 0.000000
90.828793 0.000000
90.874424 0.000000
90.920055 0.000000
90.965687 0.000000
91.011318 0.000000
91.056949 0.000000
91.102580 0.000000
91.148211 0.000000
91.193842 0.000000
91.239473 0.000000
