0.022816 0.000000
0.068447 0.000000
0.114078 0.000000
0.159709 0.000000
0.205340 0.000000
0.250971 0.000000
0.296602 0.000000
0.342234 0.000000
0.387865 0.000000
0.433496 0.000000
0.479127 0.000000
0.524758 0.000000
0.570389 0.000000
0.616020 0.000000
0.661652 0.000000
0.707283 0.000000
0.752914 0.000000
0.798545 0.000000
0.844176 0.000000
0.889807 0.000000
0.935438 0.000000
0.981070 0.000000
1.026701 0.000000
1.072332 0.000000
1.117963 0.000000
1.163594 0.000000
1.209225 0.000000
1.254856 0.000000
1.300488 0.000000
1.346119 0.000000
1.391750 0.000000
1.437381 0.000000
1.483012 0.000000
1.528643 0.000000
1.574274 0.000000
1.619906 0.000000
1.665537 0.000000
1.711168 0.000000
1.756799 0.000000
1.802430 0.000000
1.848061 0.000000
1.893692 0.000000
1.939324 0.000000
1.984955 0.000000
2.030586 0.000000
2.076217 0.000000
2.121848 0.000000
2.167479 0.000000
2.213111 0.000000
2.258742 0.000000
2.304373 0.000000
2.350004 0.000000
2.395635 0.000000
2.441266 0.000000
2.486897 0.000000
2.532529 0.000000
2.578160 0.000000
2.623791 0.000000
2.669422 0.001341
2.715053 0.020040
2.760684 0.042739
2.806315 0.076481
2.851947 0.096235
2.897578 0.124968
2.943209 0.208896
2.988840 0.351354
3.034471 0.467875
3.080102 0.537847
3.125733 0.634016
3.171365 0.694971
3.216996 0.761601
3.262627 0.917491
3.308258 1.034766
3.353889 1.065008
3.399520 1.093876
3.445151 1.137138
3.490783 1.222407
3.536414 1.186454
3.582045 1.225154
3.627676 1.299822
3.673307 1.368404
3.718938 1.451699
3.764569 1.627745
3.810201 1.611580
3.855832 1.529817
3.901463 1.596136
3.947094 1.499906
3.992725 1.465443
4.038356 1.396766
4.083987 1.285909
4.129619 1.432031
4.175250 1.595647
4.220881 1.489843
4.266512 1.518667
4.312143 1.469156
4.357774 1.490743
4.403405 1.450287
4.449037 1.313563
4.494668 1.275412
4.540299 1.228532
4.585930 1.124942
4.631561 1.126961
4.677192 1.179999
4.722823 1.222058
4.768455 1.245786
4.814086 1.266652
4.859717 1.162693
4.905348 1.192762
4.950979 1.226439
4.996610 1.103360
5.042241 1.068857
5.087873 1.007079
5.133504 1.078686
5.179135 1.115145
5.224766 0.919281
5.270397 0.918172
5.316028 0.901106
5.361659 0.901778
5.407291 0.834173
5.452922 0.831131
5.498553 0.807464
5.544184 0.712029
5.589815 0.786821
5.635446 0.806912
5.681077 0.755683
5.726709 0.836650
5.772340 0.796895
5.817971 0.777827
5.863602 0.718881
5.909233 0.606887
5.954864 0.576038
6.000496 0.624208
6.046127 0.617286
6.091758 0.639253
6.137389 0.656612
6.183020 0.673331
6.228651 0.658776
6.274282 0.548952
6.319914 0.528593
6.365545 0.567497
6.411176 0.594818
6.456807 0.596492
6.502438 0.571496
6.548069 0.517795
6.593700 0.515919
6.639332 0.566599
6.684963 0.560690
6.730594 0.560418
6.776225 0.550523
6.821856 0.524212
6.867487 0.537601
6.913118 0.514581
6.958750 0.568944
7.004381 0.526040
7.050012 0.474691
7.095643 0.491313
7.141274 0.536968
7.186905 0.481971
7.232536 0.487513
7.278168 0.557089
7.323799 0.789054
7.369430 1.342070
7.415061 1.502685
7.460692 0.904579
7.506323 0.620671
7.551954 0.561486
7.597586 0.569727
7.643217 0.552413
7.688848 0.500129
7.734479 0.474253
7.780110 0.443185
7.825741 0.455693
7.871372 0.498726
7.917004 0.443258
7.962635 0.392498
8.008266 0.374740
8.053897 0.460896
8.099528 0.513044
8.145159 0.462031
8.190790 0.463170
8.236422 0.480768
8.282053 0.472529
8.327684 0.465832
8.373315 0.413953
8.418946 0.377729
8.464577 0.400074
8.510208 0.414747
8.555840 0.398515
8.601471 0.372308
8.647102 0.412419
8.692733 0.414884
8.738364 0.386489
8.783995 0.384507
8.829626 0.364253
8.875258 0.370707
8.920889 0.389871
8.966520 0.416393
9.012151 0.421856
9.057782 0.416201
9.103413 0.421413
9.149044 0.358564
9.194676 0.344034
9.240307 0.342042
9.285938 0.312614
9.331569 0.345771
9.377200 0.336440
9.422831 0.327237
9.468462 0.359186
9.514094 0.406745
9.559725 0.407691
9.605356 0.356913
9.650987 0.362817
9.696618 0.373756
9.742249 0.356913
9.787880 0.354314
9.833512 0.324461
9.879143 0.342467
9.924774 0.404922
9.970405 0.400597
10.016036 0.331041
10.061667 0.335147
10.107299 0.343801
10.152930 0.369630
10.198561 0.374686
10.244192 0.338168
10.289823 0.328348
10.335454 0.333764
10.381085 0.336406
10.426717 0.363266
10.472348 0.343328
10.517979 0.300832
10.563610 0.343367
10.609241 0.362650
10.654872 0.394956
10.700503 0.383244
10.746135 0.372632
10.791766 0.419071
10.837397 0.382334
10.883028 0.388119
10.928659 0.406341
10.974290 0.406346
11.019921 0.407055
11.065553 0.402722
11.111184 0.420767
11.156815 0.445095
11.202446 0.469646
11.248077 0.462601
11.293708 0.495140
11.339339 0.526637
11.384971 0.523666
11.430602 0.464716
11.476233 0.480017
11.521864 0.504847
11.567495 0.523745
11.613126 0.549344
11.658757 0.579757
11.704389 0.585735
11.750020 0.585308
11.795651 0.585083
11.841282 0.603763
11.886913 0.685470
11.932544 0.690058
11.978175 0.725991
12.023807 0.757327
12.069438 0.717635
12.115069 0.696250
12.160700 0.719475
12.206331 0.793103
12.251962 0.814005
12.297593 0.801605
12.343225 0.880055
12.388856 0.905458
12.434487 0.931178
12.480118 0.956209
12.525749 0.946227
12.571380 0.985869
12.617011 1.031459
12.662643 1.099626
12.708274 1.181495
12.753905 1.331965
12.799536 1.465966
12.845167 1.479343
12.890798 1.443419
12.936429 1.416959
12.982061 1.433234
13.027692 1.483983
13.073323 1.517786
13.118954 1.567932
13.164585 1.673386
13.210216 1.670649
13.255847 1.696190
13.301479 1.816909
13.347110 1.929003
13.392741 2.021689
13.438372 2.180262
13.484003 2.273278
13.529634 2.314844
13.575265 2.413625
13.620897 2.423278
13.666528 2.387384
13.712159 2.479844
13.757790 2.587516
13.803421 2.535068
13.849052 2.590360
13.894683 2.718237
13.940315 2.775340
13.985946 2.869817
14.031577 2.907364
14.077208 2.920252
14.122839 3.047053
14.168470 3.133704
14.214102 3.115270
14.259733 3.161342
14.305364 3.338886
14.350995 3.506860
14.396626 3.536444
14.442257 3.546288
14.487888 3.504122
14.533520 3.474329
14.579151 3.510341
14.624782 3.580186
14.670413 3.598270
14.716044 3.487806
14.761675 3.612149
14.807306 3.798713
14.852938 3.747290
14.898569 3.551383
14.944200 3.477576
14.989831 3.576281
15.035462 3.665277
15.081093 3.610141
15.126724 3.610388
15.172356 3.662848
15.217987 3.735350
15.263618 3.868890
15.309249 4.091032
15.354880 4.262498
15.400511 4.177623
15.446142 3.864445
15.491774 3.609204
15.537405 3.498209
15.583036 3.369553
15.628667 3.237100
15.674298 3.115446
15.719929 3.010228
15.765560 2.910034
15.811192 2.855987
15.856823 2.782768
15.902454 2.660762
15.948085 2.626427
15.993716 2.703064
16.039347 2.662656
16.084978 2.523816
16.130610 2.408578
16.176241 2.320749
16.221872 2.210795
16.267503 2.108290
16.313134 2.043365
16.358765 1.907153
16.404396 1.853963
16.450028 1.914096
16.495659 1.915693
16.541290 1.853684
16.586921 1.796230
16.632552 1.728144
16.678183 1.658133
16.723814 1.584699
16.769446 1.533661
16.815077 1.432493
16.860708 1.373170
16.906339 1.287803
16.951970 1.192854
16.997601 1.177780
17.043232 1.207541
17.088864 1.155566
17.134495 1.113285
17.180126 1.126347
17.225757 1.062816
17.271388 0.982567
17.317019 0.961254
17.362650 0.924267
17.408282 0.871818
17.453913 0.811532
17.499544 0.773136
17.545175 0.726616
17.590806 0.697829
17.636437 0.703826
17.682068 0.695534
17.727700 0.725608
17.773331 1.007725
17.818962 2.058220
17.864593 5.845588
17.910224 16.729450
17.955855 28.450403
18.001487 20.415747
18.047118 7.317206
18.092749 2.286120
18.138380 0.929196
18.184011 0.575749
18.229642 0.511431
18.275273 0.462462
18.320905 0.413645
18.366536 0.386637
18.412167 0.346030
18.457798 0.345595
18.503429 0.395217
18.549060 0.459156
18.594691 0.476969
18.640323 0.400898
18.685954 0.323246
18.731585 0.325423
18.777216 0.301269
18.822847 0.251589
18.868478 0.233438
18.914109 0.209200
18.959741 0.194935
19.005372 0.212944
19.051003 0.215307
19.096634 0.210818
19.142265 0.209817
19.187896 0.194409
19.233527 0.180194
19.279159 0.180689
19.324790 0.199175
19.370421 0.201102
19.416052 0.196157
19.461683 0.201595
19.507314 0.220140
19.552945 0.236862
19.598577 0.232621
19.644208 0.217823
19.689839 0.197244
19.735470 0.169561
19.781101 0.137532
19.826732 0.117518
19.872363 0.126551
19.917995 0.156945
19.963626 0.207783
20.009257 0.231770
20.054888 0.187146
20.100519 0.135741
20.146150 0.115659
20.191781 0.099102
20.237413 0.098056
20.283044 0.101883
20.328675 0.093545
20.374306 0.083210
20.419937 0.075009
20.465568 0.077733
20.511199 0.073923
20.556831 0.072706
20.602462 0.088087
20.648093 0.134798
20.693724 0.165904
20.739355 0.142116
20.784986 0.090175
20.830617 0.080657
20.876249 0.083616
20.921880 0.075385
20.967511 0.065289
21.013142 0.060349
21.058773 0.063416
21.104404 0.062920
21.150035 0.061135
21.195667 0.050204
21.241298 0.059613
21.286929 0.073092
21.332560 0.062289
21.378191 0.056201
21.423822 0.049155
21.469453 0.055662
21.515085 0.048415
21.560716 0.038312
21.606347 0.043041
21.651978 0.049288
21.697609 0.046254
21.743240 0.048130
21.788871 0.054775
21.834503 0.054489
21.880134 0.052985
21.925765 0.049119
21.971396 0.045669
22.017027 0.048167
22.062658 0.047859
22.108290 0.040881
22.153921 0.032453
22.199552 0.038033
22.245183 0.037978
22.290814 0.040120
22.336445 0.038413
22.382076 0.032412
22.427708 0.034728
22.473339 0.035541
22.518970 0.035189
22.564601 0.039111
22.610232 0.033969
22.655863 0.028695
22.701494 0.023429
22.747126 0.029124
22.792757 0.033581
22.838388 0.023827
22.884019 0.024171
22.929650 0.024003
22.975281 0.016483
23.020912 0.020094
23.066544 0.027975
23.112175 0.036672
23.157806 0.034116
23.203437 0.028266
23.249068 0.029681
23.294699 0.027976
23.340330 0.032917
23.385962 0.028165
23.431593 0.024540
23.477224 0.025666
23.522855 0.027608
23.568486 0.023606
23.614117 0.028555
23.659748 0.027463
23.705380 0.024565
23.751011 0.031512
23.796642 0.030287
23.842273 0.029419
23.887904 0.027032
23.933535 0.019498
23.979166 0.016147
24.024798 0.023292
24.070429 0.030230
24.116060 0.031563
24.161691 0.034685
24.207322 0.050924
24.252953 0.101982
24.298584 0.303385
24.344216 1.231410
24.389847 5.400813
24.435478 20.799170
24.481109 45.135120
24.526740 42.678799
24.572371 17.150343
24.618002 4.336194
24.663634 0.975848
24.709265 0.231344
24.754896 0.086842
24.800527 0.041155
24.846158 0.024812
24.891789 0.022446
24.937420 0.019261
24.983052 0.019481
25.028683 0.015878
25.074314 0.015222
25.119945 0.013868
25.165576 0.014979
25.211207 0.016740
25.256838 0.013990
25.302470 0.010160
25.348101 0.008564
25.393732 0.015569
25.439363 0.039241
25.484994 0.083508
25.530625 0.240350
25.576256 0.829920
25.621888 1.971699
25.667519 2.319344
25.713150 1.305790
25.758781 0.398928
25.804412 0.124007
25.850043 0.048483
25.895675 0.018446
25.941306 0.008340
25.986937 0.011679
26.032568 0.019857
26.078199 0.061536
26.123830 0.368897
26.169461 2.101830
26.215093 8.401945
26.260724 14.957003
26.306355 10.853677
26.351986 3.725167
26.397617 0.672590
26.443248 0.107638
26.488879 0.018794
26.534511 0.008255
26.580142 0.010676
26.625773 0.016846
26.671404 0.018910
26.717035 0.045815
26.762666 0.097681
26.808297 0.110093
26.853929 0.059983
26.899560 0.022056
26.945191 0.013196
26.990822 0.008905
27.036453 0.008058
27.082084 0.011643
27.127715 0.009629
27.173347 0.008990
27.218978 0.009602
27.264609 0.006406
27.310240 0.003630
27.355871 0.006018
27.401502 0.007174
27.447133 0.005920
27.492765 0.008512
27.538396 0.008918
27.584027 0.004986
27.629658 0.007324
27.675289 0.009408
27.720920 0.006554
27.766551 0.003942
27.812183 0.005612
27.857814 0.004804
27.903445 0.002518
27.949076 0.005603
27.994707 0.007337
28.040338 0.003920
28.085969 0.003834
28.131601 0.005419
28.177232 0.004386
28.222863 0.004884
28.268494 0.004700
28.314125 0.004582
28.359756 0.005093
28.405387 0.009663
28.451019 0.007481
28.496650 0.002661
28.542281 0.004259
28.587912 0.005920
28.633543 0.005057
28.679174 0.006029
28.724805 0.007061
28.770437 0.037565
28.816068 0.178099
28.861699 0.344326
28.907330 0.213777
28.952961 0.034257
28.998592 0.006549
29.044223 0.004035
29.089855 0.004269
29.135486 0.005514
29.181117 0.005884
29.226748 0.007407
29.272379 0.006111
29.318010 0.006181
29.363641 0.007586
29.409273 0.006980
29.454904 0.008246
29.500535 0.006816
29.546166 0.005455
29.591797 0.004159
29.637428 0.006660
29.683059 0.012652
29.728691 0.026288
29.774322 0.137411
29.819953 0.910304
29.865584 5.035854
29.911215 20.049257
29.956846 41.000881
30.002478 36.824818
30.048109 15.089995
30.093740 3.326291
30.139371 0.550930
30.185002 0.069008
30.230633 0.012322
30.276264 0.007456
30.321896 0.006480
30.367527 0.005850
30.413158 0.005062
30.458789 0.007230
30.504420 0.006477
30.550051 0.007072
30.595682 0.005763
30.641314 0.005553
30.686945 0.005771
30.732576 0.004220
30.778207 0.005839
30.823838 0.007122
30.869469 0.015820
30.915100 0.017667
30.960732 0.012564
31.006363 0.010093
31.051994 0.006697
31.097625 0.007704
31.143256 0.009041
31.188887 0.007287
31.234518 0.005578
31.280150 0.004849
31.325781 0.004773
31.371412 0.003096
31.417043 0.004923
31.462674 0.003645
31.508305 0.003689
31.553936 0.005016
31.599568 0.003970
31.645199 0.003553
31.690830 0.002026
31.736461 0.019526
31.782092 0.153780
31.827723 0.295668
31.873354 0.168334
31.918986 0.027775
31.964617 0.004612
32.010248 0.003644
32.055879 0.003995
32.101510 0.003454
32.147141 0.005051
32.192772 0.006118
32.238404 0.003404
32.284035 0.002065
32.329666 0.004468
32.375297 0.003718
32.420928 0.004086
32.466559 0.003695
32.512190 0.003243
32.557822 0.004564
32.603453 0.004438
32.649084 0.003396
32.694715 0.003444
32.740346 0.003519
32.785977 0.002427
32.831608 0.002138
32.877240 0.002037
32.922871 0.001768
32.968502 0.002583
33.014133 0.004759
33.059764 0.003730
33.105395 0.002938
33.151026 0.004059
33.196658 0.005746
33.242289 0.003648
33.287920 0.006079
33.333551 0.004851
33.379182 0.002257
33.424813 0.003861
33.470444 0.006360
33.516076 0.004957
33.561707 0.002786
33.607338 0.002934
33.652969 0.002686
33.698600 0.001490
33.744231 0.001958
33.789862 0.002012
33.835494 0.002409
33.881125 0.001484
33.926756 0.001484
33.972387 0.002254
34.018018 0.001497
34.063649 0.002461
34.109281 0.001799
34.154912 0.000824
34.200543 0.002486
34.246174 0.004667
34.291805 0.003977
34.337436 0.002043
34.383067 0.004505
34.428699 0.003909
34.474330 0.003288
34.519961 0.002731
34.565592 0.002850
34.611223 0.004077
34.656854 0.003879
34.702485 0.007062
34.748117 0.005803
34.793748 0.003617
34.839379 0.001560
34.885010 0.001385
34.930641 0.000995
34.976272 0.001429
35.021903 0.003611
35.067535 0.003630
35.113166 0.001998
35.158797 0.001009
35.204428 0.002034
35.250059 0.004378
35.295690 0.002430
35.341321 0.001104
35.386953 0.003358
35.432584 0.003155
35.478215 0.004823
35.523846 0.004124
35.569477 0.002146
35.615108 0.002571
35.660739 0.006863
35.706371 0.034687
35.752002 0.216346
35.797633 1.441298
35.843264 6.529943
35.888895 18.588104
35.934526 23.907995
35.980157 13.862371
36.025789 4.163195
36.071420 0.790061
36.117051 0.122996
36.162682 0.031821
36.208313 0.008827
36.253944 0.004522
36.299575 0.004186
36.345207 0.003851
36.390838 0.004324
36.436469 0.001548
36.482100 0.001508
36.527731 0.001630
36.573362 0.002485
36.618993 0.002783
36.664625 0.002679
36.710256 0.003290
36.755887 0.003562
36.801518 0.003831
36.847149 0.003760
36.892780 0.002167
36.938411 0.001510
36.984043 0.001896
37.029674 0.001630
37.075305 0.003620
37.120936 0.004073
37.166567 0.005595
37.212198 0.002910
37.257829 0.003607
37.303461 0.003871
37.349092 0.002656
37.394723 0.003120
37.440354 0.002424
37.485985 0.004335
37.531616 0.003455
37.577247 0.002426
37.622879 0.002609
37.668510 0.003711
37.714141 0.002892
37.759772 0.011746
37.805403 0.055946
37.851034 0.171324
37.896666 0.236310
37.942297 0.134429
37.987928 0.041687
38.033559 0.009825
38.079190 0.003398
38.124821 0.002992
38.170452 0.003331
38.216084 0.003275
38.261715 0.002561
38.307346 0.002822
38.352977 0.003372
38.398608 0.002075
38.444239 0.001721
38.489870 0.002852
38.535502 0.005826
38.581133 0.005254
38.626764 0.003202
38.672395 0.003807
38.718026 0.012165
38.763657 0.028102
38.809288 0.086360
38.854920 0.494258
38.900551 2.867050
38.946182 12.661601
38.991813 35.715008
39.037444 50.533192
39.083075 33.011585
39.128706 10.266603
39.174338 2.187323
39.219969 0.387420
39.265600 0.075998
39.311231 0.020993
39.356862 0.009896
39.402493 0.006956
39.448124 0.005088
39.493756 0.004480
39.539387 0.003071
39.585018 0.002113
39.630649 0.001502
39.676280 0.001529
39.721911 0.001818
39.767542 0.001993
39.813174 0.004273
39.858805 0.004968
39.904436 0.003991
39.950067 0.003761
39.995698 0.001765
40.041329 0.001807
40.086960 0.012213
40.132592 0.047334
40.178223 0.138942
40.223854 0.131779
40.269485 0.074905
40.315116 0.054893
40.360747 0.273734
40.406378 0.658420
40.452010 0.538637
40.497641 0.136079
40.543272 0.013317
40.588903 0.002853
40.634534 0.003707
40.680165 0.002886
40.725796 0.001872
40.771428 0.002941
40.817059 0.002812
40.862690 0.003569
40.908321 0.003216
40.953952 0.004197
40.999583 0.002842
41.045214 0.002085
41.090846 0.002459
41.136477 0.008213
41.182108 0.140442
41.227739 0.691421
41.273370 1.519534
41.319001 2.811638
41.364632 3.921634
41.410264 2.856515
41.455895 0.913341
41.501526 0.139035
41.547157 0.015531
41.592788 0.004705
41.638419 0.003529
41.684050 0.002129
41.729682 0.001600
41.775313 0.001713
41.820944 0.002229
41.866575 0.002835
41.912206 0.002772
41.957837 0.002226
42.003469 0.000897
42.049100 0.000318
42.094731 0.002024
42.140362 0.002407
42.185993 0.004936
42.231624 0.003446
42.277255 0.002572
42.322887 0.002544
42.368518 0.001601
42.414149 0.002917
42.459780 0.003832
42.505411 0.002256
42.551042 0.001595
42.596673 0.002810
42.642305 0.004449
42.687936 0.004046
42.733567 0.003093
42.779198 0.001854
42.824829 0.000812
42.870460 0.002316
42.916091 0.003711
42.961723 0.004038
43.007354 0.004218
43.052985 0.003340
43.098616 0.003812
43.144247 0.003051
43.189878 0.003240
43.235509 0.003344
43.281141 0.003314
43.326772 0.002311
43.372403 0.002618
43.418034 0.002585
43.463665 0.002848
43.509296 0.001733
43.554927 0.002126
43.600559 0.003149
43.646190 0.003145
43.691821 0.004751
43.737452 0.007990
43.783083 0.006301
43.828714 0.005087
43.874345 0.005948
43.919977 0.004516
43.965608 0.003864
44.011239 0.001387
44.056870 0.002429
44.102501 0.003104
44.148132 0.001546
44.193763 0.003005
44.239395 0.010868
44.285026 0.012325
44.330657 0.058005
44.376288 0.590663
44.421919 3.382864
44.467550 10.961640
44.513181 16.355894
44.558813 11.105705
44.604444 3.522506
44.650075 0.606043
44.695706 0.062044
44.741337 0.005599
44.786968 0.004867
44.832599 0.003458
44.878231 0.004275
44.923862 0.003823
44.969493 0.004403
45.015124 0.005528
45.060755 0.007116
45.106386 0.006262
45.152017 0.003316
45.197649 0.005048
45.243280 0.017272
45.288911 0.053017
45.334542 0.272275
45.380173 1.584731
45.425804 6.895831
45.471435 18.714907
45.517067 25.910881
45.562698 17.384111
45.608329 5.713954
45.653960 1.278165
45.699591 0.266140
45.745222 0.082274
45.790854 0.036068
45.836485 0.010182
45.882116 0.003643
45.927747 0.002218
45.973378 0.001728
46.019009 0.001661
46.064640 0.001754
46.110272 0.002130
46.155903 0.002703
46.201534 0.001980
46.247165 0.004195
46.292796 0.004590
46.338427 0.003146
46.384058 0.002604
46.429690 0.003068
46.475321 0.004698
46.520952 0.003236
46.566583 0.001478
46.612214 0.001504
46.657845 0.002885
46.703476 0.026707
46.749108 0.164656
46.794739 0.275102
46.840370 0.146739
46.886001 0.021478
46.931632 0.001648
46.977263 0.002247
47.022894 0.002967
47.068526 0.002903
47.114157 0.001355
47.159788 0.002256
47.205419 0.001945
47.251050 0.002423
47.296681 0.002724
47.342312 0.003348
47.387944 0.002239
47.433575 0.001457
47.479206 0.001594
47.524837 0.002397
47.570468 0.001659
47.616099 0.001410
47.661730 0.002394
47.707362 0.002943
47.752993 0.001397
47.798624 0.000765
47.844255 0.003150
47.889886 0.004341
47.935517 0.002697
47.981148 0.002146
48.026780 0.001775
48.072411 0.002328
48.118042 0.003892
48.163673 0.001726
48.209304 0.000221
48.254935 0.002348
48.300566 0.003868
48.346198 0.003649
48.391829 0.001112
48.437460 0.000630
48.483091 0.000828
48.528722 0.000508
48.574353 0.001750
48.619984 0.001709
48.665616 0.003217
48.711247 0.003876
48.756878 0.002148
48.802509 0.001625
48.848140 0.002571
48.893771 0.015969
48.939402 0.119503
48.985034 0.388367
49.030665 0.507119
49.076296 0.268314
49.121927 0.059183
49.167558 0.009482
49.213189 0.003266
49.258820 0.003052
49.304452 0.003552
49.350083 0.003061
49.395714 0.001854
49.441345 0.002266
49.486976 0.001897
49.532607 0.000801
49.578238 0.000932
49.623870 0.001819
49.669501 0.001917
49.715132 0.002038
49.760763 0.002092
49.806394 0.002222
49.852025 0.002649
49.897657 0.000638
49.943288 0.000857
49.988919 0.001794
50.034550 0.002781
50.080181 0.002446
50.125812 0.002065
50.171443 0.002970
50.217075 0.005366
50.262706 0.050257
50.308337 0.354361
50.353968 1.854728
50.399599 6.611204
50.445230 11.368387
50.490861 9.829937
50.536493 4.344591
50.582124 2.614678
50.627755 4.244808
50.673386 4.643061
50.719017 2.293272
50.764648 0.510428
50.810279 0.058156
50.855911 0.003516
50.901542 0.003029
50.947173 0.003007
50.992804 0.002518
51.038435 0.002188
51.084066 0.002602
51.129697 0.004097
51.175329 0.002167
51.220960 0.002341
51.266591 0.002443
51.312222 0.002603
51.357853 0.003076
51.403484 0.001783
51.449115 0.001318
51.494747 0.001366
51.540378 0.001064
51.586009 0.000572
51.631640 0.001374
51.677271 0.001283
51.722902 0.001201
51.768533 0.001051
51.814165 0.000841
51.859796 0.001441
51.905427 0.001525
51.951058 0.001526
51.996689 0.001976
52.042320 0.000758
52.087951 0.000958
52.133583 0.001636
52.179214 0.001669
52.224845 0.001547
52.270476 0.001521
52.316107 0.013876
52.361738 0.074044
52.407369 0.139265
52.453001 0.298186
52.498632 1.028018
52.544263 1.851259
52.589894 1.499794
52.635525 0.497141
52.681156 0.059564
52.726787 0.002737
52.772419 0.001337
52.818050 0.001339
52.863681 0.002089
52.909312 0.001160
52.954943 0.000992
53.000574 0.000547
53.046205 0.000535
53.091837 0.000884
53.137468 0.000792
53.183099 0.000521
53.228730 0.000810
53.274361 0.001129
53.319992 0.001092
53.365623 0.001315
53.411255 0.001343
53.456886 0.008796
53.502517 0.040358
53.548148 0.124771
53.593779 0.219733
53.639410 0.195686
53.685041 0.089297
53.730673 0.026230
53.776304 0.007801
53.821935 0.007723
53.867566 0.045603
53.913197 0.061479
53.958828 0.031596
54.004460 0.004316
54.050091 0.000631
54.095722 0.000248
54.141353 0.000602
54.186984 0.001745
54.232615 0.001967
54.278246 0.001866
54.323878 0.001331
54.369509 0.026113
54.415140 0.291815
54.460771 1.106091
54.506402 1.812091
54.552033 1.292767
54.597664 0.416851
54.643296 0.072708
54.688927 0.008344
54.734558 0.001573
54.780189 0.000351
54.825820 0.000111
54.871451 0.004787
54.917082 0.016192
54.962714 0.008162
55.008345 0.001000
55.053976 0.000001
55.099607 0.000000
55.145238 0.000631
55.190869 0.004489
55.236500 0.010946
55.282132 0.011507
55.327763 0.004752
55.373394 0.000775
55.419025 0.032932
55.464656 0.282056
55.510287 0.971520
55.555918 1.590278
55.601550 1.571446
55.647181 1.011683
55.692812 0.345644
55.738443 0.050515
55.784074 0.001848
55.829705 0.000267
55.875336 0.000391
55.920968 0.000416
55.966599 0.000300
56.012230 0.000000
56.057861 0.000000
56.103492 0.000000
56.149123 0.000000
56.194754 0.000000
56.240386 0.000169
56.286017 0.000365
56.331648 0.000086
56.377279 0.000000
56.422910 0.000000
56.468541 0.000372
56.514172 0.000710
56.559804 0.000215
56.605435 0.000000
56.651066 0.000474
56.696697 0.001742
56.742328 0.051739
56.787959 0.447390
56.833590 1.868620
56.879222 3.665692
56.924853 3.484718
56.970484 1.594125
57.016115 0.342983
57.061746 0.039097
57.107377 0.008519
57.153008 0.004247
57.198640 0.000000
57.244271 0.000255
57.289902 0.000355
57.335533 0.000000
57.381164 0.000423
57.426795 0.000798
57.472426 0.000608
57.518058 0.000056
57.563689 0.001334
57.609320 0.018581
57.654951 0.133147
57.700582 0.486504
57.746213 0.824074
57.791845 0.633771
57.837476 0.254833
57.883107 0.276931
57.928738 1.142271
57.974369 2.548242
58.020000 2.599280
58.065631 1.295719
58.111263 0.249001
58.156894 0.020139
58.202525 0.000403
58.248156 0.000064
58.293787 0.000070
58.339418 0.000372
58.385049 0.000156
58.430681 0.000000
58.476312 0.000112
58.521943 0.000316
58.567574 0.000503
58.613205 0.000704
58.658836 0.000212
58.704467 0.000000
58.750099 0.000000
58.795730 0.000000
58.841361 0.000000
58.886992 0.000000
58.932623 0.000000
58.978254 0.000000
59.023885 0.000000
59.069517 0.000000
59.115148 0.000188
59.160779 0.000387
59.206410 0.000074
59.252041 0.000000
59.297672 0.000241
59.343303 0.002245
59.388935 0.010396
59.434566 0.015920
59.480197 0.011461
59.525828 0.004804
59.571459 0.002607
59.617090 0.003380
59.662721 0.002686
59.708353 0.003184
59.753984 0.012248
59.799615 0.056690
59.845246 0.450604
59.890877 2.190906
59.936508 5.430436
59.982139 7.109086
60.027771 4.426584
60.073402 1.401666
60.119033 0.205300
60.164664 0.020508
60.210295 0.001254
60.255926 0.000315
60.301557 0.000168
60.347189 0.000000
60.392820 0.000146
60.438451 0.000309
60.484082 0.000122
60.529713 0.000161
60.575344 0.000673
60.620975 0.000377
60.666607 0.000000
60.712238 0.000000
60.757869 0.000000
60.803500 0.000000
60.849131 0.000000
60.894762 0.000262
60.940393 0.000679
60.986025 0.000802
61.031656 0.004322
61.077287 0.001925
61.122918 0.000419
61.168549 0.000000
61.214180 0.000000
61.259811 0.000233
61.305443 0.003201
61.351074 0.045297
61.396705 0.217847
61.442336 0.463748
61.487967 0.391318
61.533598 0.134731
61.579229 0.014036
61.624861 0.000047
61.670492 0.000000
61.716123 0.000000
61.761754 0.000312
61.807385 0.000575
61.853016 0.001997
61.898648 0.003422
61.944279 0.001707
61.989910 0.000450
62.035541 0.000000
62.081172 0.000000
62.126803 0.000000
62.172434 0.000109
62.218066 0.000503
62.263697 0.000487
62.309328 0.000431
62.354959 0.000297
62.400590 0.000137
62.446221 0.000789
62.491852 0.006922
62.537484 0.116525
62.583115 0.859551
62.628746 2.810416
62.674377 4.437970
62.720008 3.372755
62.765639 1.225837
62.811270 0.188658
62.856902 0.009202
62.902533 0.000056
62.948164 0.000000
62.993795 0.000121
63.039426 0.000313
63.085057 0.000162
63.130688 0.000000
63.176320 0.000000
63.221951 0.000321
63.267582 0.000335
63.313213 0.000311
63.358844 0.000430
63.404475 0.009896
63.450106 0.016888
63.495738 0.012094
63.541369 0.008653
63.587000 0.072603
63.632631 0.265227
63.678262 0.406934
63.723893 0.266244
63.769524 0.069422
63.815156 0.005047
63.860787 0.000262
63.906418 0.000318
63.952049 0.000037
63.997680 0.000335
64.043311 0.000542
64.088942 0.000673
64.134574 0.000541
64.180205 0.000000
64.225836 0.003853
64.271467 0.007113
64.317098 0.003007
64.362729 0.001064
64.408360 0.000000
64.453992 0.000000
64.499623 0.000000
64.545254 0.000000
64.590885 0.000000
64.636516 0.000000
64.682147 0.000000
64.727778 0.000000
64.773410 0.006517
64.819041 0.006446
64.864672 0.000000
64.910303 0.000000
64.955934 0.000000
65.001565 0.000000
65.047196 0.000000
65.092828 0.000000
65.138459 0.000000
65.184090 0.000000
65.229721 0.000000
65.275352 0.000000
65.320983 0.000000
65.366614 0.000205
65.412246 0.000409
65.457877 0.000163
65.503508 0.000000
65.549139 0.000000
65.594770 0.000000
65.640401 0.000000
65.686033 0.000000
65.731664 0.000078
65.777295 0.000382
65.822926 0.000263
65.868557 0.000223
65.914188 0.000425
65.959819 0.000153
66.005451 0.001708
66.051082 0.001369
66.096713 0.000000
66.142344 0.000000
66.187975 0.000000
66.233606 0.000230
66.279237 0.004278
66.324869 0.012269
66.370500 0.012320
66.416131 0.007456
66.461762 0.005969
66.507393 0.002182
66.553024 0.000600
66.598655 0.000000
66.644287 0.000000
66.689918 0.000000
66.735549 0.003036
66.781180 0.038281
66.826811 0.255743
66.872442 0.703592
66.918073 0.920271
66.963705 0.547674
67.009336 0.158270
67.054967 0.025519
67.100598 0.004703
67.146229 0.000000
67.191860 0.000000
67.237491 0.000000
67.283123 0.000000
67.328754 0.000195
67.374385 0.002167
67.420016 0.008603
67.465647 0.013509
67.511278 0.009849
67.556909 0.002967
67.602541 0.000107
67.648172 0.000000
67.693803 0.000000
67.739434 0.000000
67.785065 0.000000
67.830696 0.000000
67.876327 0.000000
67.921959 0.000000
67.967590 0.002825
68.013221 0.042219
68.058852 0.165403
68.104483 0.302604
68.150114 0.276374
68.195745 0.112263
68.241377 0.015230
68.287008 0.000621
68.332639 0.000000
68.378270 0.000000
68.423901 0.000000
68.469532 0.000000
68.515163 0.000000
68.560795 0.000000
68.606426 0.000000
68.652057 0.000000
68.697688 0.002212
68.743319 0.060647
68.788950 0.507291
68.834581 1.784190
68.880213 3.183877
68.925844 2.901832
68.971475 1.447688
69.017106 0.754361
69.062737 0.856212
69.108368 0.742781
69.153999 0.301323
69.199631 0.052266
69.245262 0.002721
69.290893 0.000102
69.336524 0.000534
69.382155 0.002939
69.427786 0.043611
69.473417 0.274076
69.519049 0.690832
69.564680 0.803923
69.610311 0.422605
69.655942 0.092979
69.701573 0.004010
69.747204 0.000000
69.792836 0.000304
69.838467 0.000747
69.884098 0.000314
69.929729 0.000000
69.975360 0.000000
70.020991 0.000000
70.066622 0.000000
70.112254 0.000000
70.157885 0.000000
70.203516 0.000000
70.249147 0.000000
70.294778 0.000000
70.340409 0.000903
70.386040 0.004391
70.431672 0.004879
70.477303 0.003700
70.522934 0.000972
70.568565 0.000000
70.614196 0.000000
70.659827 0.000000
70.705458 0.000000
70.751090 0.000000
70.796721 0.000064
70.842352 0.000695
70.887983 0.017003
70.933614 0.105334
70.979245 0.308267
71.024876 0.483881
71.070508 0.352260
71.116139 0.099109
71.161770 0.006528
71.207401 0.000000
71.253032 0.000000
71.298663 0.000000
71.344294 0.000000
71.389926 0.000000
71.435557 0.000000
71.481188 0.000000
71.526819 0.000000
71.572450 0.000000
71.618081 0.000000
71.663712 0.000000
71.709344 0.000604
71.754975 0.018201
71.800606 0.101972
71.846237 0.260477
71.891868 0.332204
71.937499 0.197895
71.983130 0.045752
72.028762 0.001675
72.074393 0.000000
72.120024 0.000000
72.165655 0.000000
72.211286 0.000000
72.256917 0.000000
72.302548 0.000000
72.348180 0.000000
72.393811 0.000000
72.439442 0.000000
72.485073 0.000000
72.530704 0.000000
72.576335 0.000000
72.621966 0.000000
72.667598 0.000366
72.713229 0.023509
72.758860 0.261360
72.804491 1.162389
72.850122 2.469648
72.895753 2.791205
72.941384 1.677859
72.987016 0.516228
73.032647 0.066181
73.078278 0.002061
73.123909 0.000000
73.169540 0.000000
73.215171 0.000000
73.260802 0.000000
73.306434 0.000000
73.352065 0.000000
73.397696 0.004523
73.443327 0.066064
73.488958 0.270048
73.534589 0.483715
73.580220 0.428940
73.625852 0.184105
73.671483 0.030327
73.717114 0.004094
73.762745 0.049034
73.808376 0.280519
73.854007 0.847132
73.899639 1.351395
73.945270 1.092783
73.990901 0.454638
74.036532 0.076658
74.082163 0.001559
74.127794 0.000000
74.173425 0.003206
74.219057 0.007004
74.264688 0.007916
74.310319 0.006899
74.355950 0.001676
74.401581 0.000000
74.447212 0.000000
74.492843 0.000000
74.538475 0.000000
74.584106 0.000000
74.629737 0.000000
74.675368 0.000000
74.720999 0.000000
74.766630 0.000000
74.812261 0.000000
74.857893 0.000248
74.903524 0.000838
74.949155 0.000478
74.994786 0.000000
75.040417 0.000000
75.086048 0.002619
75.131679 0.006151
75.177311 0.101164
75.222942 0.696181
75.268573 1.951649
75.314204 2.820707
75.359835 2.093178
75.405466 0.752035
75.451097 0.112307
75.496729 0.004856
75.542360 0.000000
75.587991 0.000000
75.633622 0.000000
75.679253 0.002349
75.724884 0.029688
75.770515 0.083770
75.816147 0.102608
75.861778 0.065757
75.907409 0.021105
75.953040 0.002825
75.998671 0.000000
76.044302 0.000000
76.089933 0.000000
76.135565 0.000887
76.181196 0.001028
76.226827 0.000000
76.272458 0.000000
76.318089 0.000000
76.363720 0.000000
76.409351 0.002327
76.454983 0.011950
76.500614 0.026862
76.546245 0.024894
76.591876 0.006199
76.637507 0.000369
76.683138 0.000278
76.728769 0.018395
76.774401 0.100496
76.820032 0.233938
76.865663 0.251037
76.911294 0.124910
76.956925 0.028020
77.002556 0.000573
77.048187 0.000000
77.093819 0.000000
77.139450 0.000000
77.185081 0.000000
77.230712 0.000000
77.276343 0.000703
77.321974 0.001552
77.367605 0.045067
77.413237 0.285242
77.458868 0.640997
77.504499 0.659531
77.550130 0.332014
77.595761 0.079307
77.641392 0.007438
77.687024 0.000969
77.732655 0.000000
77.778286 0.000000
77.823917 0.000000
77.869548 0.000000
77.915179 0.000000
77.960810 0.000000
78.006442 0.000000
78.052073 0.000000
78.097704 0.000000
78.143335 0.013123
78.188966 0.105971
78.234597 0.333706
78.280228 0.552867
78.325860 0.550204
78.371491 0.688923
78.417122 1.257578
78.462753 1.472714
78.508384 0.939818
78.554015 0.311167
78.599646 0.045535
78.645278 0.004416
78.690909 0.002334
78.736540 0.033429
78.782171 0.264355
78.827802 0.736512
78.873433 1.013431
78.919064 0.741342
78.964696 0.264060
79.010327 0.035410
79.055958 0.000000
79.101589 0.000000
79.147220 0.000000
79.192851 0.000000
79.238482 0.000000
79.284114 0.000000
79.329745 0.000000
79.375376 0.000000
79.421007 0.000000
79.466638 0.000000
79.512269 0.000000
79.557900 0.000000
79.603532 0.000000
79.649163 0.000000
79.694794 0.000000
79.740425 0.000000
79.786056 0.000000
79.831687 0.000000
79.877318 0.000000
79.922950 0.000000
79.968581 0.000000
80.014212 0.000000
80.059843 0.000000
80.105474 0.000000
80.151105 0.000000
80.196736 0.000000
80.242368 0.000000
80.287999 0.000000
80.333630 0.000000
80.379261 0.000000
80.424892 0.000000
80.470523 0.001367
80.516154 0.001775
80.561786 0.000104
80.607417 0.000000
80.653048 0.000000
80.698679 0.000000
80.744310 0.000000
80.789941 0.000182
80.835572 0.001980
80.881204 0.001510
80.926835 0.000000
80.972466 0.000000
81.018097 0.000000
81.063728 0.000000
81.109359 0.000000
81.154990 0.000000
81.200622 0.000000
81.246253 0.000000
81.291884 0.000000
81.337515 0.000000
81.383146 0.000000
81.428777 0.000000
81.474408 0.000000
81.520040 0.000000
81.565671 0.000000
81.611302 0.000000
81.656933 0.002979
81.702564 0.030794
81.748195 0.125284
81.793827 0.301596
81.839458 0.377908
81.885089 0.242695
81.930720 0.124545
81.976351 0.078041
82.021982 0.034210
82.067613 0.008963
82.113245 0.000529
82.158876 0.000000
82.204507 0.000000
82.250138 0.000000
82.295769 0.000000
82.341400 0.000000
82.387031 0.000000
82.432663 0.004747
82.478294 0.056516
82.523925 0.202396
82.569556 0.321433
82.615187 0.251315
82.660818 0.089244
82.706449 0.012234
82.752081 0.027420
82.797712 0.040209
82.843343 0.025869
82.888974 0.005559
82.934605 0.000000
82.980236 0.000000
83.025867 0.000000
83.071499 0.000000
83.117130 0.000000
83.162761 0.000000
83.208392 0.000000
83.254023 0.000000
83.299654 0.001474
83.345285 0.002209
83.390917 0.000357
83.436548 0.000000
83.482179 0.000000
83.527810 0.000000
83.573441 0.000000
83.619072 0.000000
83.664703 0.000000
83.710335 0.001590
83.755966 0.002850
83.801597 0.000773
83.847228 0.000000
83.892859 0.000000
83.938490 0.001203
83.984121 0.002445
84.029753 0.000886
84.075384 0.000000
84.121015 0.000000
84.166646 0.000614
84.212277 0.002567
84.257908 0.003688
84.303539 0.006588
84.349171 0.003363
84.394802 0.000000
84.440433 0.000000
84.486064 0.000000
84.531695 0.000000
84.577326 0.000000
84.622957 0.000000
84.668589 0.000000
84.714220 0.000000
84.759851 0.000000
84.805482 0.000000
84.851113 0.000639
84.896744 0.003288
84.942375 0.002099
84.988007 0.000000
85.033638 0.000000
85.079269 0.000000
85.124900 0.000000
85.170531 0.000000
85.216162 0.000000
85.261793 0.000000
85.307425 0.000000
85.353056 0.000000
85.398687 0.000000
85.444318 0.000000
85.489949 0.000000
85.535580 0.000000
85.581212 0.000000
85.626843 0.000000
85.672474 0.000000
85.718105 0.000000
85.763736 0.000000
85.809367 0.000000
85.854998 0.000000
85.900630 0.000000
85.946261 0.000000
85.991892 0.000000
86.037523 0.000000
86.083154 0.000000
86.128785 0.000000
86.174416 0.002223
86.220048 0.006762
86.265679 0.003375
86.311310 0.000000
86.356941 0.000000
86.402572 0.000000
86.448203 0.000000
86.493834 0.000000
86.539466 0.000000
86.585097 0.033411
86.630728 0.188319
86.676359 0.371075
86.721990 0.445397
86.767621 0.603939
86.813252 0.977395
86.858884 1.240579
86.904515 0.959928
86.950146 0.385011
86.995777 0.058990
87.041408 0.002160
87.087039 0.000000
87.132670 0.000000
87.178302 0.000000
87.223933 0.000000
87.269564 0.000000
87.315195 0.000000
87.360826 0.000000
87.406457 0.000000
87.452088 0.000000
87.497720 0.000000
87.543351 0.000000
87.588982 0.000000
87.634613 0.000000
87.680244 0.000000
87.725875 0.000000
87.771506 0.000000
87.817138 0.000000
87.862769 0.000000
87.908400 0.000000
87.954031 0.000000
87.999662 0.000000
88.045293 0.000000
88.090924 0.000000
88.136556 0.000000
88.182187 0.000000
88.227818 0.000000
88.273449 0.000000
88.319080 0.000000
88.364711 0.000000
88.410342 0.000000
88.455974 0.000000
88.501605 0.000000
88.547236 0.000000
88.592867 0.000000
88.638498 0.000000
88.684129 0.000000
88.729760 0.000000
88.775392 0.000000
88.821023 0.000000
88.866654 0.000000
88.912285 0.000000
88.957916 0.000000
89.003547 0.000000
89.049178 0.000000
89.094810 0.000000
89.140441 0.000000
89.186072 0.000000
89.231703 0.000000
89.277334 0.000000
89.322965 0.000000
89.368596 0.000000
89.414228 0.000000
89.459859 0.000000
89.505490 0.000000
89.551121 0.000000
89.596752 0.000000
89.642383 0.000000
89.688015 0.000000
89.733646 0.000000
89.779277 0.000000
89.824908 0.000000
89.870539 0.000000
89.916170 0.000000
89.961801 0.000000
90.007433 0.000000
90.053064 0.000000
90.098695 0.000000
90.144326 0.000000
90.189957 0.000000
90.235588 0.000000
90.281219 0.000000
90.326851 0.000000
90.372482 0.000000
90.418113 0.000000
90.463744 0.000000
90.509375 0.000000
90.555006 0.000000
90.600637 0.000000
90.646269 0.000000
90.691900 0.000000
90.737531 0.000000
90.783162 0.000000
90.828793 0.000000
90.874424 0.000000
90.920055 0.000000
90.965687 0.000000
91.011318 0.000000
91.056949 0.000000
91.102580 0.000000
91.148211 0.000000
91.193842 0.000000
91.239473 0.000000
