0.022816 0.000000
0.068447 0.000000
0.114078 0.000000
0.159709 0.000000
0.205340 0.000000
0.250971 0.000000
0.296602 0.000000
0.342234 0.000000
0.387865 0.000000
0.433496 0.000000
0.479127 0.000000
0.524758 0.000000
0.570389 0.000000
0.616020 0.000000
0.661652 0.000000
0.707283 0.000000
0.752914 0.000000
0.798545 0.000000
0.844176 0.000000
0.889807 0.000000
0.935438 0.000000
0.981070 0.000000
1.026701 0.000000
1.072332 0.000000
1.117963 0.000000
1.163594 0.000000
1.209225 0.000000
1.254856 0.000000
1.300488 0.000000
1.346119 0.000000
1.391750 0.000000
1.437381 0.000000
1.483012 0.000000
1.528643 0.000000
1.574274 0.000000
1.619906 0.000000
1.665537 0.000000
1.711168 0.000000
1.756799 0.000000
1.802430 0.000000
1.848061 0.000000
1.893692 0.000000
1.939324 0.000000
1.984955 0.000000
2.030586 0.000000
2.076217 0.000000
2.121848 0.000000
2.167479 0.000000
2.213111 0.000000
2.258742 0.000000
2.304373 0.000000
2.350004 0.000000
2.395635 0.000000
2.441266 0.000000
2.486897 0.000000
2.532529 0.000000
2.578160 0.000000
2.623791 0.003574
2.669422 0.015320
2.715053 0.018409
2.760684 0.024659
2.806315 0.031754
2.851947 0.054232
2.897578 0.117715
2.943209 0.163523
2.988840 0.211666
3.034471 0.270077
3.080102 0.362029
3.125733 0.351670
3.171365 0.496335
3.216996 0.588398
3.262627 0.613598
3.308258 0.627634
3.353889 0.786822
3.399520 0.877180
3.445151 0.959777
3.490783 1.084201
3.536414 1.047194
3.582045 0.938087
3.627676 0.917268
3.673307 0.990302
3.718938 1.057432
3.764569 1.157894
3.810201 1.146355
3.855832 1.117720
3.901463 1.126600
3.947094 1.142767
3.992725 1.098644
4.038356 1.063191
4.083987 1.074660
4.129619 1.123393
4.175250 1.228717
4.220881 1.110289
4.266512 1.026978
4.312143 1.027397
4.357774 0.995432
4.403405 0.968003
4.449037 0.941980
4.494668 0.949961
4.540299 0.990786
4.585930 0.927574
4.631561 0.887641
4.677192 0.919078
4.722823 0.883120
4.768455 0.802672
4.814086 0.787547
4.859717 0.803657
4.905348 0.803086
4.950979 0.716860
4.996610 0.717069
5.042241 0.745254
5.087873 0.714467
5.133504 0.651846
5.179135 0.650732
5.224766 0.741849
5.270397 0.686120
5.316028 0.529914
5.361659 0.508174
5.407291 0.497534
5.452922 0.557433
5.498553 0.630889
5.544184 0.647292
5.589815 0.637240
5.635446 0.555356
5.681077 0.518955
5.726709 0.576425
5.772340 0.541977
5.817971 0.554868
5.863602 0.581225
5.909233 0.599916
5.954864 0.535315
6.000496 0.399280
6.046127 0.464700
6.091758 0.476964
6.137389 0.415854
6.183020 0.430621
6.228651 0.505996
6.274282 0.485464
6.319914 0.420759
6.365545 0.450829
6.411176 0.504500
6.456807 0.481577
6.502438 0.434281
6.548069 0.411224
6.593700 0.373983
6.639332 0.403140
6.684963 0.438204
6.730594 0.410740
6.776225 0.386076
6.821856 0.430148
6.867487 0.455523
6.913118 0.408213
6.958750 0.367854
7.004381 0.394676
7.050012 0.396281
7.095643 0.395406
7.141274 0.408174
7.186905 0.423545
7.232536 0.421311
7.278168 0.487581
7.323799 0.677209
7.369430 0.988568
7.415061 0.881929
7.460692 0.501993
7.506323 0.407582
7.551954 0.344747
7.597586 0.318826
7.643217 0.329477
7.688848 0.297191
7.734479 0.334412
7.780110 0.312220
7.825741 0.293919
7.871372 0.340629
7.917004 0.354014
7.962635 0.363272
8.008266 0.327387
8.053897 0.320892
8.099528 0.366190
8.145159 0.309422
8.190790 0.282814
8.236422 0.304942
8.282053 0.293049
8.327684 0.292227
8.373315 0.309839
8.418946 0.310351
8.464577 0.276854
8.510208 0.301342
8.555840 0.293402
8.601471 0.292931
8.647102 0.274845
8.692733 0.265812
8.738364 0.265030
8.783995 0.230996
8.829626 0.248035
8.875258 0.250238
8.920889 0.238226
8.966520 0.238080
9.012151 0.255372
9.057782 0.263539
9.103413 0.251013
9.149044 0.251979
9.194676 0.251465
9.240307 0.242696
9.285938 0.268805
9.331569 0.293718
9.377200 0.271122
9.422831 0.248862
9.468462 0.216373
9.514094 0.214878
9.559725 0.250021
9.605356 0.286570
9.650987 0.281757
9.696618 0.242640
9.742249 0.251975
9.787880 0.245836
9.833512 0.230418
9.879143 0.234994
9.924774 0.252541
9.970405 0.272192
10.016036 0.264683
10.061667 0.221689
10.107299 0.245605
10.152930 0.261848
10.198561 0.275179
10.244192 0.277764
10.289823 0.275326
10.335454 0.262576
10.381085 0.230864
10.426717 0.249008
10.472348 0.286122
10.517979 0.263562
10.563610 0.259314
10.609241 0.261043
10.654872 0.257276
10.700503 0.294154
10.746135 0.313722
10.791766 0.264788
10.837397 0.257698
10.883028 0.274607
10.928659 0.254657
10.974290 0.266163
11.019921 0.256205
11.065553 0.318907
11.111184 0.316921
11.156815 0.276493
11.202446 0.270149
11.248077 0.325804
11.293708 0.335840
11.339339 0.345907
11.384971 0.416761
11.430602 0.381934
11.476233 0.361370
11.521864 0.389254
11.567495 0.406171
11.613126 0.391498
11.658757 0.389614
11.704389 0.386104
11.750020 0.353367
11.795651 0.402600
11.841282 0.422015
11.886913 0.433768
11.932544 0.462725
11.978175 0.490155
12.023807 0.469471
12.069438 0.491243
12.115069 0.543935
12.160700 0.521319
12.206331 0.545022
12.251962 0.623498
12.297593 0.620622
12.343225 0.586277
12.388856 0.612175
12.434487 0.663421
12.480118 0.684136
12.525749 0.679376
12.571380 0.717713
12.617011 0.736502
12.662643 0.787114
12.708274 0.837031
12.753905 0.927478
12.799536 1.087909
12.845167 1.062318
12.890798 0.956536
12.936429 0.973552
12.982061 1.028346
13.027692 1.091885
13.073323 1.090507
13.118954 1.168867
13.164585 1.219981
13.210216 1.254598
13.255847 1.270667
13.301479 1.379852
13.347110 1.513342
13.392741 1.556898
13.438372 1.559025
13.484003 1.591271
13.529634 1.665364
13.575265 1.725247
13.620897 1.805449
13.666528 1.876613
13.712159 1.927402
13.757790 1.965527
13.803421 1.936040
13.849052 1.985685
13.894683 2.060007
13.940315 2.145120
13.985946 2.242705
14.031577 2.363724
14.077208 2.419755
14.122839 2.415971
14.168470 2.389488
14.214102 2.294850
14.259733 2.347419
14.305364 2.517399
14.350995 2.617618
14.396626 2.632894
14.442257 2.666832
14.487888 2.676332
14.533520 2.739576
14.579151 2.861340
14.624782 2.789876
14.670413 2.779713
14.716044 2.821788
14.761675 2.903996
14.807306 2.960955
14.852938 2.920715
14.898569 2.967259
14.944200 2.959174
14.989831 2.920254
15.035462 2.882456
15.081093 2.940557
15.126724 2.959700
15.172356 2.960106
15.217987 2.849018
15.263618 2.852881
15.309249 3.010016
15.354880 3.114707
15.400511 3.063917
15.446142 3.015001
15.491774 2.924211
15.537405 2.649657
15.583036 2.385780
15.628667 2.280372
15.674298 2.271118
15.719929 2.252248
15.765560 2.181779
15.811192 2.157768
15.856823 2.183355
15.902454 2.073605
15.948085 1.954545
15.993716 1.846610
16.039347 1.878397
16.084978 1.859443
16.130610 1.770889
16.176241 1.745375
16.221872 1.705332
16.267503 1.627121
16.313134 1.561351
16.358765 1.523475
16.404396 1.470220
16.450028 1.426671
16.495659 1.371644
16.541290 1.348657
16.586921 1.348865
16.632552 1.304267
16.678183 1.230066
16.723814 1.084267
16.769446 0.998630
16.815077 0.989384
16.860708 1.011682
16.906339 0.952043
16.951970 0.910353
16.997601 0.929546
17.043232 0.857921
17.088864 0.883583
17.134495 0.852213
17.180126 0.776720
17.225757 0.742252
17.271388 0.696594
17.317019 0.684126
17.362650 0.622582
17.408282 0.608168
17.453913 0.602545
17.499544 0.546505
17.545175 0.505488
17.590806 0.500763
17.636437 0.515808
17.682068 0.555996
17.727700 0.787722
17.773331 1.761031
17.818962 5.263478
17.864593 15.887073
17.910224 24.669876
17.955855 16.521063
18.001487 5.468562
18.047118 1.718820
18.092749 0.683477
18.138380 0.397286
18.184011 0.319016
18.229642 0.295621
18.275273 0.296923
18.320905 0.269726
18.366536 0.226489
18.412167 0.239800
18.457798 0.262705
18.503429 0.322219
18.549060 0.363387
18.594691 0.329282
18.640323 0.255343
18.685954 0.202344
18.731585 0.183536
18.777216 0.171740
18.822847 0.151993
18.868478 0.150538
18.914109 0.149896
18.959741 0.144422
19.005372 0.130932
19.051003 0.141022
19.096634 0.138362
19.142265 0.120116
19.187896 0.116837
19.233527 0.132193
19.279159 0.144486
19.324790 0.133928
19.370421 0.117266
19.416052 0.142563
19.461683 0.175855
19.507314 0.172686
19.552945 0.157883
19.598577 0.153423
19.644208 0.133919
19.689839 0.115936
19.735470 0.109752
19.781101 0.097092
19.826732 0.094887
19.872363 0.101238
19.917995 0.120272
19.963626 0.142097
20.009257 0.137867
20.054888 0.091521
20.100519 0.072505
20.146150 0.071423
20.191781 0.080091
20.237413 0.067940
20.283044 0.052988
20.328675 0.069734
20.374306 0.066150
20.419937 0.060440
20.465568 0.062841
20.511199 0.062968
20.556831 0.062867
20.602462 0.072730
20.648093 0.109046
20.693724 0.107834
20.739355 0.074024
20.784986 0.050273
20.830617 0.038008
20.876249 0.044136
20.921880 0.051848
20.967511 0.043915
21.013142 0.037586
21.058773 0.040690
21.104404 0.040848
21.150035 0.036310
21.195667 0.033378
21.241298 0.033414
21.286929 0.030951
21.332560 0.036916
21.378191 0.035778
21.423822 0.034091
21.469453 0.030195
21.515085 0.028261
21.560716 0.027283
21.606347 0.031129
21.651978 0.029728
21.697609 0.028656
21.743240 0.033718
21.788871 0.042393
21.834503 0.043721
21.880134 0.039807
21.925765 0.030696
21.971396 0.024231
22.017027 0.027798
22.062658 0.033674
22.108290 0.029370
22.153921 0.024399
22.199552 0.029906
22.245183 0.029856
22.290814 0.020887
22.336445 0.020594
22.382076 0.021628
22.427708 0.022552
22.473339 0.020333
22.518970 0.017825
22.564601 0.017663
22.610232 0.018319
22.655863 0.023964
22.701494 0.025487
22.747126 0.022837
22.792757 0.023244
22.838388 0.018432
22.884019 0.019098
22.929650 0.023586
22.975281 0.026097
23.020912 0.020430
23.066544 0.015717
23.112175 0.015201
23.157806 0.022038
23.203437 0.026111
23.249068 0.030687
23.294699 0.024631
23.340330 0.015007
23.385962 0.016708
23.431593 0.020525
23.477224 0.022466
23.522855 0.020520
23.568486 0.019623
23.614117 0.018864
23.659748 0.025339
23.705380 0.031307
23.751011 0.024476
23.796642 0.020015
23.842273 0.019009
23.887904 0.019615
23.933535 0.020482
23.979166 0.023729
24.024798 0.022211
24.070429 0.024050
24.116060 0.022893
24.161691 0.038836
24.207322 0.105565
24.252953 0.419940
24.298584 1.926423
24.344216 8.425000
24.389847 26.659655
24.435478 40.954250
24.481109 25.030884
24.526740 7.910762
24.572371 1.770848
24.618002 0.366451
24.663634 0.096462
24.709265 0.041868
24.754896 0.025252
24.800527 0.026312
24.846158 0.020684
24.891789 0.015641
24.937420 0.013769
24.983052 0.012959
25.028683 0.011749
25.074314 0.012094
25.119945 0.012920
25.165576 0.010213
25.211207 0.007363
25.256838 0.009067
25.302470 0.015031
25.348101 0.013667
25.393732 0.017379
25.439363 0.041773
25.484994 0.124358
25.530625 0.423362
25.576256 0.707135
25.621888 0.533898
25.667519 0.192904
25.713150 0.057850
25.758781 0.017687
25.804412 0.008477
25.850043 0.007511
25.895675 0.008485
25.941306 0.013563
25.986937 0.029109
26.032568 0.140844
26.078199 0.753738
26.123830 3.528238
26.169461 9.454863
26.215093 11.402759
26.260724 5.860593
26.306355 1.342852
26.351986 0.250848
26.397617 0.056341
26.443248 0.016690
26.488879 0.007092
26.534511 0.005040
26.580142 0.003938
26.625773 0.007341
26.671404 0.024162
26.717035 0.038980
26.762666 0.025923
26.808297 0.005632
26.853929 0.003075
26.899560 0.003179
26.945191 0.003040
26.990822 0.006130
27.036453 0.007052
27.082084 0.006060
27.127715 0.003900
27.173347 0.005181
27.218978 0.007352
27.264609 0.005196
27.310240 0.005064
27.355871 0.005605
27.401502 0.002941
27.447133 0.001624
27.492765 0.001712
27.538396 0.005349
27.584027 0.005572
27.629658 0.002306
27.675289 0.004406
27.720920 0.004100
27.766551 0.005897
27.812183 0.003913
27.857814 0.008176
27.903445 0.011126
27.949076 0.005105
27.994707 0.003394
28.040338 0.003355
28.085969 0.004467
28.131601 0.004292
28.177232 0.004555
28.222863 0.006257
28.268494 0.006900
28.314125 0.002582
28.359756 0.003003
28.405387 0.003970
28.451019 0.005012
28.496650 0.005805
28.542281 0.006538
28.587912 0.005117
28.633543 0.006545
28.679174 0.027961
28.724805 0.161909
28.770437 0.370075
28.816068 0.351917
28.861699 0.097508
28.907330 0.019323
28.952961 0.006010
28.998592 0.005531
29.044223 0.007259
29.089855 0.004934
29.135486 0.005489
29.181117 0.005591
29.226748 0.005466
29.272379 0.004705
29.318010 0.006397
29.363641 0.005765
29.409273 0.003342
29.454904 0.002745
29.500535 0.003640
29.546166 0.004028
29.591797 0.007002
29.637428 0.021170
29.683059 0.103465
29.728691 0.648598
29.774322 3.318792
29.819953 13.656784
29.865584 37.509586
29.911215 41.728729
29.956846 20.710371
30.002478 5.133846
30.048109 1.129959
30.093740 0.213387
30.139371 0.039256
30.185002 0.009371
30.230633 0.006537
30.276264 0.005578
30.321896 0.006676
30.367527 0.004927
30.413158 0.003257
30.458789 0.005074
30.504420 0.003958
30.550051 0.004436
30.595682 0.004915
30.641314 0.002308
30.686945 0.002377
30.732576 0.003870
30.778207 0.012032
30.823838 0.028802
30.869469 0.033252
30.915100 0.014417
30.960732 0.005307
31.006363 0.005660
31.051994 0.004788
31.097625 0.003445
31.143256 0.002984
31.188887 0.001360
31.234518 0.002126
31.280150 0.004106
31.325781 0.003488
31.371412 0.001872
31.417043 0.002021
31.462674 0.002297
31.508305 0.001131
31.553936 0.001166
31.599568 0.001421
31.645199 0.006748
31.690830 0.066213
31.736461 0.163280
31.782092 0.112393
31.827723 0.021064
31.873354 0.001642
31.918986 0.002253
31.964617 0.002521
32.010248 0.001944
32.055879 0.002115
32.101510 0.004127
32.147141 0.004145
32.192772 0.002983
32.238404 0.002931
32.284035 0.001261
32.329666 0.000552
32.375297 0.001796
32.420928 0.002559
32.466559 0.001645
32.512190 0.001413
32.557822 0.001201
32.603453 0.000870
32.649084 0.001824
32.694715 0.000949
32.740346 0.001537
32.785977 0.002855
32.831608 0.001007
32.877240 0.001927
32.922871 0.001770
32.968502 0.002376
33.014133 0.002661
33.059764 0.003089
33.105395 0.003389
33.151026 0.003982
33.196658 0.001764
33.242289 0.002153
33.287920 0.003364
33.333551 0.003804
33.379182 0.004366
33.424813 0.001486
33.470444 0.001044
33.516076 0.003335
33.561707 0.002053
33.607338 0.001112
33.652969 0.002689
33.698600 0.003798
33.744231 0.003013
33.789862 0.002362
33.835494 0.001578
33.881125 0.001943
33.926756 0.003362
33.972387 0.003144
34.018018 0.001554
34.063649 0.000672
34.109281 0.003233
34.154912 0.002334
34.200543 0.000621
34.246174 0.002123
34.291805 0.004478
34.337436 0.004387
34.383067 0.003477
34.428699 0.002263
34.474330 0.002261
34.519961 0.002847
34.565592 0.001809
34.611223 0.002749
34.656854 0.003289
34.702485 0.003195
34.748117 0.002523
34.793748 0.001714
34.839379 0.003864
34.885010 0.004657
34.930641 0.004184
34.976272 0.003704
35.021903 0.003438
35.067535 0.004676
35.113166 0.005016
35.158797 0.004231
35.204428 0.003009
35.250059 0.003844
35.295690 0.004082
35.341321 0.004273
35.386953 0.003643
35.432584 0.005386
35.478215 0.011544
35.523846 0.027740
35.569477 0.059348
35.615108 0.152693
35.660739 0.546029
35.706371 2.075935
35.752002 8.097770
35.797633 23.164684
35.843264 27.341772
35.888895 14.905478
35.934526 3.912259
35.980157 1.030796
36.025789 0.272465
36.071420 0.098217
36.117051 0.042344
36.162682 0.019224
36.208313 0.005244
36.253944 0.001968
36.299575 0.002798
36.345207 0.002449
36.390838 0.005167
36.436469 0.003884
36.482100 0.002141
36.527731 0.002258
36.573362 0.001485
36.618993 0.000366
36.664625 0.002789
36.710256 0.003679
36.755887 0.002746
36.801518 0.002080
36.847149 0.001673
36.892780 0.002575
36.938411 0.001457
36.984043 0.000705
37.029674 0.000701
37.075305 0.001424
37.120936 0.001805
37.166567 0.001657
37.212198 0.001862
37.257829 0.002106
37.303461 0.001793
37.349092 0.000705
37.394723 0.001043
37.440354 0.001137
37.485985 0.001844
37.531616 0.002667
37.577247 0.002579
37.622879 0.001719
37.668510 0.002229
37.714141 0.002263
37.759772 0.003607
37.805403 0.005079
37.851034 0.005841
37.896666 0.002448
37.942297 0.002012
37.987928 0.002637
38.033559 0.002976
38.079190 0.002348
38.124821 0.001969
38.170452 0.002178
38.216084 0.002867
38.261715 0.003278
38.307346 0.002357
38.352977 0.000933
38.398608 0.002276
38.444239 0.001667
38.489870 0.001304
38.535502 0.003193
38.581133 0.003132
38.626764 0.007197
38.672395 0.028819
38.718026 0.132216
38.763657 0.702368
38.809288 3.352564
38.854920 13.147249
38.900551 32.517872
38.946182 35.261505
38.991813 17.255449
39.037444 4.435880
39.083075 0.929931
39.128706 0.194872
39.174338 0.040814
39.219969 0.008934
39.265600 0.003906
39.311231 0.003642
39.356862 0.005051
39.402493 0.004872
39.448124 0.003608
39.493756 0.001715
39.539387 0.000146
39.585018 0.000272
39.630649 0.001355
39.676280 0.002744
39.721911 0.003133
39.767542 0.001557
39.813174 0.001805
39.858805 0.002003
39.904436 0.003355
39.950067 0.005460
39.995698 0.012170
40.041329 0.034335
40.086960 0.070732
40.132592 0.061908
40.178223 0.033401
40.223854 0.077126
40.269485 0.398007
40.315116 0.713849
40.360747 0.461396
40.406378 0.090069
40.452010 0.008827
40.497641 0.003748
40.543272 0.003472
40.588903 0.003448
40.634534 0.001185
40.680165 0.000730
40.725796 0.001196
40.771428 0.001495
40.817059 0.000735
40.862690 0.001091
40.908321 0.002241
40.953952 0.003553
40.999583 0.003687
41.045214 0.018398
41.090846 0.206777
41.136477 0.845829
41.182108 1.623986
41.227739 2.663339
41.273370 2.581617
41.319001 1.233606
41.364632 0.228444
41.410264 0.025560
41.455895 0.003561
41.501526 0.002217
41.547157 0.002203
41.592788 0.001689
41.638419 0.000938
41.684050 0.001123
41.729682 0.002371
41.775313 0.002002
41.820944 0.000951
41.866575 0.001123
41.912206 0.002167
41.957837 0.003750
42.003469 0.003880
42.049100 0.001484
42.094731 0.002921
42.140362 0.002032
42.185993 0.001576
42.231624 0.002190
42.277255 0.000877
42.322887 0.000431
42.368518 0.001023
42.414149 0.002638
42.459780 0.003289
42.505411 0.002854
42.551042 0.003132
42.596673 0.003525
42.642305 0.002074
42.687936 0.002053
42.733567 0.003234
42.779198 0.002689
42.824829 0.002685
42.870460 0.003014
42.916091 0.001527
42.961723 0.000851
43.007354 0.001419
43.052985 0.003553
43.098616 0.003751
43.144247 0.002258
43.189878 0.003354
43.235509 0.002629
43.281141 0.003907
43.326772 0.004620
43.372403 0.003872
43.418034 0.003542
43.463665 0.011360
43.509296 0.040325
43.554927 0.127622
43.600559 0.331799
43.646190 0.564477
43.691821 0.464906
43.737452 0.215611
43.783083 0.070501
43.828714 0.022371
43.874345 0.008088
43.919977 0.004647
43.965608 0.001324
44.011239 0.001585
44.056870 0.002786
44.102501 0.004853
44.148132 0.008349
44.193763 0.043149
44.239395 0.314418
44.285026 1.857164
44.330657 7.157546
44.376288 14.136655
44.421919 12.739574
44.467550 5.340107
44.513181 1.169467
44.558813 0.184493
44.604444 0.026118
44.650075 0.006309
44.695706 0.003812
44.741337 0.001971
44.786968 0.001653
44.832599 0.001545
44.878231 0.002685
44.923862 0.003389
44.969493 0.002939
45.015124 0.004276
45.060755 0.005174
45.106386 0.006822
45.152017 0.025942
45.197649 0.174334
45.243280 0.895262
45.288911 3.927070
45.334542 13.468195
45.380173 24.877481
45.425804 20.533686
45.471435 8.244843
45.517067 1.970959
45.562698 0.409602
45.608329 0.073905
45.653960 0.021331
45.699591 0.014417
45.745222 0.006621
45.790854 0.003809
45.836485 0.003699
45.882116 0.001500
45.927747 0.001472
45.973378 0.002502
46.019009 0.002659
46.064640 0.004156
46.110272 0.005541
46.155903 0.004511
46.201534 0.001488
46.247165 0.001492
46.292796 0.001661
46.338427 0.001036
46.384058 0.001551
46.429690 0.001771
46.475321 0.001179
46.520952 0.003384
46.566583 0.028776
46.612214 0.157450
46.657845 0.346493
46.703476 0.252540
46.749108 0.068580
46.794739 0.008955
46.840370 0.003307
46.886001 0.003275
46.931632 0.001873
46.977263 0.000865
47.022894 0.001463
47.068526 0.003194
47.114157 0.002798
47.159788 0.001834
47.205419 0.002420
47.251050 0.001951
47.296681 0.001640
47.342312 0.002472
47.387944 0.001062
47.433575 0.000568
47.479206 0.001815
47.524837 0.001681
47.570468 0.002301
47.616099 0.003069
47.661730 0.003711
47.707362 0.002114
47.752993 0.001751
47.798624 0.001743
47.844255 0.002046
47.889886 0.001515
47.935517 0.000238
47.981148 0.000000
48.026780 0.000000
48.072411 0.000357
48.118042 0.001524
48.163673 0.005523
48.209304 0.006533
48.254935 0.002177
48.300566 0.001284
48.346198 0.000856
48.391829 0.001134
48.437460 0.001595
48.483091 0.002406
48.528722 0.001134
48.574353 0.000417
48.619984 0.000443
48.665616 0.001897
48.711247 0.003305
48.756878 0.023320
48.802509 0.136103
48.848140 0.427537
48.893771 0.493888
48.939402 0.246525
48.985034 0.032184
49.030665 0.002274
49.076296 0.001708
49.121927 0.002188
49.167558 0.001454
49.213189 0.001344
49.258820 0.000995
49.304452 0.000069
49.350083 0.000054
49.395714 0.001039
49.441345 0.002088
49.486976 0.001466
49.532607 0.000909
49.578238 0.001141
49.623870 0.001002
49.669501 0.001087
49.715132 0.001356
49.760763 0.001331
49.806394 0.000834
49.852025 0.000320
49.897657 0.003055
49.943288 0.003615
49.988919 0.001699
50.034550 0.002709
50.080181 0.008249
50.125812 0.065795
50.171443 0.347579
50.217075 1.642702
50.262706 5.073676
50.308337 8.131308
50.353968 6.146604
50.399599 2.435080
50.445230 1.899843
50.490861 3.730302
50.536493 4.284218
50.582124 2.076059
50.627755 0.523039
50.673386 0.080163
50.719017 0.011160
50.764648 0.002073
50.810279 0.001032
50.855911 0.001774
50.901542 0.001330
50.947173 0.000645
50.992804 0.001569
51.038435 0.001271
51.084066 0.001334
51.129697 0.001645
51.175329 0.000755
51.220960 0.000647
51.266591 0.001831
51.312222 0.001011
51.357853 0.001219
51.403484 0.002299
51.449115 0.001441
51.494747 0.000607
51.540378 0.000146
51.586009 0.000776
51.631640 0.001331
51.677271 0.000658
51.722902 0.000357
51.768533 0.000370
51.814165 0.000759
51.859796 0.001422
51.905427 0.001528
51.951058 0.000717
51.996689 0.000991
52.042320 0.001582
52.087951 0.001490
52.133583 0.000889
52.179214 0.015526
52.224845 0.075858
52.270476 0.127419
52.316107 0.165684
52.361738 0.538288
52.407369 1.150103
52.453001 1.003939
52.498632 0.363810
52.544263 0.052651
52.589894 0.002668
52.635525 0.000488
52.681156 0.000042
52.726787 0.000113
52.772419 0.000358
52.818050 0.000190
52.863681 0.000251
52.909312 0.000769
52.954943 0.000540
53.000574 0.000344
53.046205 0.000396
53.091837 0.000336
53.137468 0.000000
53.183099 0.000000
53.228730 0.000326
53.274361 0.000329
53.319992 0.000144
53.365623 0.000347
53.411255 0.000243
53.456886 0.000375
53.502517 0.000198
53.548148 0.000000
53.593779 0.000610
53.639410 0.007686
53.685041 0.052141
53.730673 0.137280
53.776304 0.134337
53.821935 0.051557
53.867566 0.004924
53.913197 0.000297
53.958828 0.001159
54.004460 0.001116
54.050091 0.000399
54.095722 0.000403
54.141353 0.000653
54.186984 0.003646
54.232615 0.045257
54.278246 0.304503
54.323878 1.056041
54.369509 1.446880
54.415140 0.865588
54.460771 0.191474
54.506402 0.018103
54.552033 0.001173
54.597664 0.000865
54.643296 0.003283
54.688927 0.014735
54.734558 0.036840
54.780189 0.040644
54.825820 0.016123
54.871451 0.003215
54.917082 0.000472
54.962714 0.000103
55.008345 0.000000
55.053976 0.000129
55.099607 0.000809
55.145238 0.000864
55.190869 0.001319
55.236500 0.006556
55.282132 0.064555
55.327763 0.419568
55.373394 1.290932
55.419025 1.901425
55.464656 1.685577
55.510287 0.812074
55.555918 0.209342
55.601550 0.026861
55.647181 0.000789
55.692812 0.000052
55.738443 0.000000
55.784074 0.000311
55.829705 0.000797
55.875336 0.000551
55.920968 0.000215
55.966599 0.000000
56.012230 0.000000
56.057861 0.000075
56.103492 0.000403
56.149123 0.000206
56.194754 0.000301
56.240386 0.000460
56.286017 0.000346
56.331648 0.000196
56.377279 0.000000
56.422910 0.000000
56.468541 0.000000
56.514172 0.000437
56.559804 0.007060
56.605435 0.090941
56.651066 0.597412
56.696697 1.868294
56.742328 2.769228
56.787959 1.929595
56.833590 0.605904
56.879222 0.094174
56.924853 0.007572
56.970484 0.000549
57.016115 0.000000
57.061746 0.000273
57.107377 0.004317
57.153008 0.003171
57.198640 0.000000
57.244271 0.000000
57.289902 0.000000
57.335533 0.000000
57.381164 0.000000
57.426795 0.002714
57.472426 0.041073
57.518058 0.232060
57.563689 0.597250
57.609320 0.675569
57.654951 0.340625
57.700582 0.156498
57.746213 0.459617
57.791845 1.696070
57.837476 2.952485
57.883107 2.325080
57.928738 0.844781
57.974369 0.132959
58.020000 0.008461
58.065631 0.000076
58.111263 0.000118
58.156894 0.000362
58.202525 0.000179
58.248156 0.000000
58.293787 0.000000
58.339418 0.000000
58.385049 0.000116
58.430681 0.000333
58.476312 0.000390
58.521943 0.000415
58.567574 0.000000
58.613205 0.000204
58.658836 0.000377
58.704467 0.000073
58.750099 0.000000
58.795730 0.000316
58.841361 0.000761
58.886992 0.000290
58.932623 0.000313
58.978254 0.000173
59.023885 0.000376
59.069517 0.000214
59.115148 0.001131
59.160779 0.002104
59.206410 0.015668
59.252041 0.045097
59.297672 0.052441
59.343303 0.026519
59.388935 0.005709
59.434566 0.000507
59.480197 0.000250
59.525828 0.000211
59.571459 0.018228
59.617090 0.063948
59.662721 0.251862
59.708353 1.222091
59.753984 4.247851
59.799615 7.249533
59.845246 6.457919
59.890877 2.706032
59.936508 0.633180
59.982139 0.083823
60.027771 0.005122
60.073402 0.000346
60.119033 0.000362
60.164664 0.000304
60.210295 0.000496
60.255926 0.000708
60.301557 0.000104
60.347189 0.000305
60.392820 0.000262
60.438451 0.000000
60.484082 0.000000
60.529713 0.000000
60.575344 0.000000
60.620975 0.000000
60.666607 0.000000
60.712238 0.000000
60.757869 0.000000
60.803500 0.000000
60.849131 0.000040
60.894762 0.000391
60.940393 0.000143
60.986025 0.000104
61.031656 0.001427
61.077287 0.005356
61.122918 0.004132
61.168549 0.009895
61.214180 0.103217
61.259811 0.330751
61.305443 0.468326
61.351074 0.273324
61.396705 0.069558
61.442336 0.005631
61.487967 0.000411
61.533598 0.000518
61.579229 0.000337
61.624861 0.000018
61.670492 0.000000
61.716123 0.000182
61.761754 0.000338
61.807385 0.000060
61.853016 0.000000
61.898648 0.000000
61.944279 0.000000
61.989910 0.000314
62.035541 0.000553
62.081172 0.000305
62.126803 0.000000
62.172434 0.000000
62.218066 0.000000
62.263697 0.000000
62.309328 0.003676
62.354959 0.060171
62.400590 0.513070
62.446221 2.068733
62.491852 3.992066
62.537484 3.606475
62.583115 1.584173
62.628746 0.307494
62.674377 0.029265
62.720008 0.002302
62.765639 0.000388
62.811270 0.000425
62.856902 0.000323
62.902533 0.000096
62.948164 0.000000
62.993795 0.000000
63.039426 0.000000
63.085057 0.000000
63.130688 0.000000
63.176320 0.001606
63.221951 0.009758
63.267582 0.022775
63.313213 0.019104
63.358844 0.005070
63.404475 0.031682
63.450106 0.185127
63.495738 0.388045
63.541369 0.336545
63.587000 0.126980
63.632631 0.016165
63.678262 0.000901
63.723893 0.000303
63.769524 0.000000
63.815156 0.000000
63.860787 0.000000
63.906418 0.000000
63.952049 0.000000
63.997680 0.000960
64.043311 0.003406
64.088942 0.007310
64.134574 0.004018
64.180205 0.000647
64.225836 0.000028
64.271467 0.000000
64.317098 0.000000
64.362729 0.000000
64.408360 0.000000
64.453992 0.000000
64.499623 0.000000
64.545254 0.000000
64.590885 0.000000
64.636516 0.000000
64.682147 0.000000
64.727778 0.000330
64.773410 0.000405
64.819041 0.000005
64.864672 0.000000
64.910303 0.000000
64.955934 0.000000
65.001565 0.000000
65.047196 0.000000
65.092828 0.000000
65.138459 0.000000
65.184090 0.000000
65.229721 0.000258
65.275352 0.000385
65.320983 0.000056
65.366614 0.000000
65.412246 0.000000
65.457877 0.000000
65.503508 0.000000
65.549139 0.000000
65.594770 0.000000
65.640401 0.000000
65.686033 0.000000
65.731664 0.000000
65.777295 0.000000
65.822926 0.000000
65.868557 0.000000
65.914188 0.000000
65.959819 0.000357
66.005451 0.000783
66.051082 0.000698
66.096713 0.003599
66.142344 0.010584
66.187975 0.018852
66.233606 0.032608
66.279237 0.040023
66.324869 0.019088
66.370500 0.002306
66.416131 0.000398
66.461762 0.000013
66.507393 0.000118
66.553024 0.002604
66.598655 0.031646
66.644287 0.187405
66.689918 0.583420
66.735549 0.843380
66.781180 0.598034
66.826811 0.217302
66.872442 0.084030
66.918073 0.034683
66.963705 0.007161
67.009336 0.000132
67.054967 0.000000
67.100598 0.000000
67.146229 0.000000
67.191860 0.000000
67.237491 0.000000
67.283123 0.000000
67.328754 0.000000
67.374385 0.000000
67.420016 0.000000
67.465647 0.000000
67.511278 0.000000
67.556909 0.000000
67.602541 0.000000
67.648172 0.000000
67.693803 0.000000
67.739434 0.000000
67.785065 0.003380
67.830696 0.029666
67.876327 0.139749
67.921959 0.301907
67.967590 0.301044
68.013221 0.138434
68.058852 0.025129
68.104483 0.001593
68.150114 0.000496
68.195745 0.000295
68.241377 0.000000
68.287008 0.000000
68.332639 0.000000
68.378270 0.000000
68.423901 0.000000
68.469532 0.000000
68.515163 0.000000
68.560795 0.012527
68.606426 0.158203
68.652057 0.753120
68.697688 1.583103
68.743319 1.674838
68.788950 0.996300
68.834581 0.662310
68.880213 0.754485
68.925844 0.531982
68.971475 0.182554
69.017106 0.030880
69.062737 0.014137
69.108368 0.007905
69.153999 0.001708
69.199631 0.002352
69.245262 0.050901
69.290893 0.304415
69.336524 0.797261
69.382155 0.916339
69.427786 0.471105
69.473417 0.099409
69.519049 0.007238
69.564680 0.000000
69.610311 0.000000
69.655942 0.000000
69.701573 0.000000
69.747204 0.000000
69.792836 0.000281
69.838467 0.000689
69.884098 0.000290
69.929729 0.000000
69.975360 0.000000
70.020991 0.000318
70.066622 0.000593
70.112254 0.000684
70.157885 0.007124
70.203516 0.012501
70.249147 0.009522
70.294778 0.004472
70.340409 0.000470
70.386040 0.000000
70.431672 0.000000
70.477303 0.000000
70.522934 0.000000
70.568565 0.000000
70.614196 0.000000
70.659827 0.000000
70.705458 0.002611
70.751090 0.052613
70.796721 0.245695
70.842352 0.426648
70.887983 0.334570
70.933614 0.118893
70.979245 0.016568
71.024876 0.001106
71.070508 0.000000
71.116139 0.000000
71.161770 0.000232
71.207401 0.000644
71.253032 0.000292
71.298663 0.000000
71.344294 0.000000
71.389926 0.000000
71.435557 0.000000
71.481188 0.000000
71.526819 0.000387
71.572450 0.007736
71.618081 0.056287
71.663712 0.160674
71.709344 0.236608
71.754975 0.180550
71.800606 0.058386
71.846237 0.006260
71.891868 0.000000
71.937499 0.000761
71.983130 0.000724
72.028762 0.000000
72.074393 0.000000
72.120024 0.000000
72.165655 0.000000
72.211286 0.000000
72.256917 0.000000
72.302548 0.000000
72.348180 0.000000
72.393811 0.000000
72.439442 0.000000
72.485073 0.001382
72.530704 0.054904
72.576335 0.455475
72.621966 1.646337
72.667598 3.051036
72.713229 2.934973
72.758860 1.450312
72.804491 0.352862
72.850122 0.047780
72.895753 0.002883
72.941384 0.000000
72.987016 0.000000
73.032647 0.000000
73.078278 0.000000
73.123909 0.000000
73.169540 0.001634
73.215171 0.017423
73.260802 0.121870
73.306434 0.428318
73.352065 0.660141
73.397696 0.484503
73.443327 0.173220
73.488958 0.029152
73.534589 0.007189
73.580220 0.077238
73.625852 0.382055
73.671483 0.878477
73.717114 1.034855
73.762745 0.734098
73.808376 0.305045
73.854007 0.058768
73.899639 0.005706
73.945270 0.000000
73.990901 0.000106
74.036532 0.000781
74.082163 0.000825
74.127794 0.000938
74.173425 0.004388
74.219057 0.006030
74.264688 0.005004
74.310319 0.007129
74.355950 0.002202
74.401581 0.000000
74.447212 0.000000
74.492843 0.000000
74.538475 0.000000
74.584106 0.000000
74.629737 0.000000
74.675368 0.000000
74.720999 0.000000
74.766630 0.000000
74.812261 0.000000
74.857893 0.000000
74.903524 0.000215
74.949155 0.022399
74.994786 0.206111
75.040417 0.940271
75.086048 2.031738
75.131679 2.256103
75.177311 1.277490
75.222942 0.327586
75.268573 0.032311
75.314204 0.000000
75.359835 0.000000
75.405466 0.000000
75.451097 0.000000
75.496729 0.000000
75.542360 0.000000
75.587991 0.000000
75.633622 0.000000
75.679253 0.000000
75.724884 0.000000
75.770515 0.000000
75.816147 0.000000
75.861778 0.000000
75.907409 0.000000
75.953040 0.000000
75.998671 0.000000
76.044302 0.000000
76.089933 0.000662
76.135565 0.001035
76.181196 0.000213
76.226827 0.000972
76.272458 0.013151
76.318089 0.032827
76.363720 0.033341
76.409351 0.014517
76.454983 0.001465
76.500614 0.012306
76.546245 0.079513
76.591876 0.207897
76.637507 0.289204
76.683138 0.197855
76.728769 0.062697
76.774401 0.008321
76.820032 0.000000
76.865663 0.000000
76.911294 0.000000
76.956925 0.000000
77.002556 0.000000
77.048187 0.000000
77.093819 0.000238
77.139450 0.015793
77.185081 0.140951
77.230712 0.443793
77.276343 0.665109
77.321974 0.508021
77.367605 0.193038
77.413237 0.029770
77.458868 0.000311
77.504499 0.000000
77.550130 0.000000
77.595761 0.000000
77.641392 0.000000
77.687024 0.000000
77.732655 0.000000
77.778286 0.000000
77.823917 0.000000
77.869548 0.000000
77.915179 0.001633
77.960810 0.031283
78.006442 0.165486
78.052073 0.413041
78.097704 0.533577
78.143335 0.505960
78.188966 0.658078
78.234597 0.872201
78.280228 0.641313
78.325860 0.218340
78.371491 0.029778
78.417122 0.001044
78.462753 0.000261
78.508384 0.013717
78.554015 0.111851
78.599646 0.455141
78.645278 0.839619
78.690909 0.795479
78.736540 0.387686
78.782171 0.079929
78.827802 0.004650
78.873433 0.000000
78.919064 0.000000
78.964696 0.000000
79.010327 0.000000
79.055958 0.000000
79.101589 0.000000
79.147220 0.000000
79.192851 0.000000
79.238482 0.000000
79.284114 0.000000
79.329745 0.000000
79.375376 0.000000
79.421007 0.000000
79.466638 0.000000
79.512269 0.000000
79.557900 0.000000
79.603532 0.000000
79.649163 0.000000
79.694794 0.000686
79.740425 0.008111
79.786056 0.027874
79.831687 0.044499
79.877318 0.037442
79.922950 0.013901
79.968581 0.000274
80.014212 0.000000
80.059843 0.000000
80.105474 0.000000
80.151105 0.000000
80.196736 0.008897
80.242368 0.017527
80.287999 0.009940
80.333630 0.002247
80.379261 0.000000
80.424892 0.000000
80.470523 0.000000
80.516154 0.000000
80.561786 0.000000
80.607417 0.000000
80.653048 0.000000
80.698679 0.000000
80.744310 0.000000
80.789941 0.000000
80.835572 0.000000
80.881204 0.000000
80.926835 0.000000
80.972466 0.000000
81.018097 0.000000
81.063728 0.000000
81.109359 0.000000
81.154990 0.000000
81.200622 0.000000
81.246253 0.000000
81.291884 0.000000
81.337515 0.000000
81.383146 0.000000
81.428777 0.000006
81.474408 0.007318
81.520040 0.060697
81.565671 0.197166
81.611302 0.278419
81.656933 0.244038
81.702564 0.229982
81.748195 0.216040
81.793827 0.102235
81.839458 0.012094
81.885089 0.000282
81.930720 0.000000
81.976351 0.000000
82.021982 0.000000
82.067613 0.000000
82.113245 0.000000
82.158876 0.000000
82.204507 0.000000
82.250138 0.014504
82.295769 0.099385
82.341400 0.316406
82.387031 0.447011
82.432663 0.348726
82.478294 0.168128
82.523925 0.079639
82.569556 0.070751
82.615187 0.040502
82.660818 0.009706
82.706449 0.000957
82.752081 0.003305
82.797712 0.003305
82.843343 0.000919
82.888974 0.000000
82.934605 0.000000
82.980236 0.000000
83.025867 0.000000
83.071499 0.000000
83.117130 0.002034
83.162761 0.001878
83.208392 0.000000
83.254023 0.000000
83.299654 0.000000
83.345285 0.000572
83.390917 0.002448
83.436548 0.001475
83.482179 0.000000
83.527810 0.000000
83.573441 0.000000
83.619072 0.000000
83.664703 0.004938
83.710335 0.025347
83.755966 0.037576
83.801597 0.027096
83.847228 0.007316
83.892859 0.001303
83.938490 0.002456
83.984121 0.000734
84.029753 0.000000
84.075384 0.000000
84.121015 0.000000
84.166646 0.000000
84.212277 0.000000
84.257908 0.000736
84.303539 0.002635
84.349171 0.001460
84.394802 0.004590
84.440433 0.021848
84.486064 0.022452
84.531695 0.004750
84.577326 0.003348
84.622957 0.001959
84.668589 0.001912
84.714220 0.008322
84.759851 0.005024
84.805482 0.000000
84.851113 0.000000
84.896744 0.000000
84.942375 0.000000
84.988007 0.000000
85.033638 0.000000
85.079269 0.000000
85.124900 0.000204
85.170531 0.003184
85.216162 0.002456
85.261793 0.000000
85.307425 0.000000
85.353056 0.002008
85.398687 0.003364
85.444318 0.000763
85.489949 0.000000
85.535580 0.000000
85.581212 0.000000
85.626843 0.000000
85.672474 0.000000
85.718105 0.000000
85.763736 0.000000
85.809367 0.000000
85.854998 0.000000
85.900630 0.000000
85.946261 0.000000
85.991892 0.000000
86.037523 0.000000
86.083154 0.000000
86.128785 0.000000
86.174416 0.001806
86.220048 0.005855
86.265679 0.008744
86.311310 0.005971
86.356941 0.009715
86.402572 0.016642
86.448203 0.056323
86.493834 0.193319
86.539466 0.419034
86.585097 0.602308
86.630728 0.519464
86.676359 0.214316
86.721990 0.027635
86.767621 0.000000
86.813252 0.000000
86.858884 0.000000
86.904515 0.000000
86.950146 0.000000
86.995777 0.000000
87.041408 0.000000
87.087039 0.000000
87.132670 0.000000
87.178302 0.000000
87.223933 0.000000
87.269564 0.000000
87.315195 0.000000
87.360826 0.000000
87.406457 0.000000
87.452088 0.000000
87.497720 0.000000
87.543351 0.003172
87.588982 0.008655
87.634613 0.011973
87.680244 0.011458
87.725875 0.001359
87.771506 0.000000
87.817138 0.000000
87.862769 0.000000
87.908400 0.000000
87.954031 0.000000
87.999662 0.000000
88.045293 0.000000
88.090924 0.000000
88.136556 0.000000
88.182187 0.000000
88.227818 0.000000
88.273449 0.000000
88.319080 0.000000
88.364711 0.000000
88.410342 0.000000
88.455974 0.000000
88.501605 0.000000
88.547236 0.000000
88.592867 0.000000
88.638498 0.000000
88.684129 0.000000
88.729760 0.000000
88.775392 0.007381
88.821023 0.015762
88.866654 0.005712
88.912285 0.000000
88.957916 0.000000
89.003547 0.000000
89.049178 0.000000
89.094810 0.000000
89.140441 0.000000
89.186072 0.000000
89.231703 0.000000
89.277334 0.000000
89.322965 0.000000
89.368596 0.000000
89.414228 0.000000
89.459859 0.000000
89.505490 0.000000
89.551121 0.000000
89.596752 0.000000
89.642383 0.000000
89.688015 0.000000
89.733646 0.000000
89.779277 0.000000
89.824908 0.000000
89.870539 0.000000
89.916170 0.000000
89.961801 0.000000
90.007433 0.000000
90.053064 0.000000
90.098695 0.000000
90.144326 0.000000
90.189957 0.000000
90.235588 0.000000
90.281219 0.000000
90.326851 0.000000
90.372482 0.000000
90.418113 0.000000
90.463744 0.000000
90.509375 0.000000
90.555006 0.000000
90.600637 0.000000
90.646269 0.000000
90.691900 0.000000
90.737531 0.000000
90.783162 0.000000
90.828793 0.000000
90.874424 0.000000
90.920055 0.000000
90.965687 0.000000
91.011318 0.000000
91.056949 0.000000
91.102580 0.000000
91.148211 0.000000
91.193842 0.000000
91.239473 0.000000
