0.022816 0.000000
0.068447 0.000000
0.114078 0.000000
0.159709 0.000000
0.205340 0.000000
0.250971 0.000000
0.296602 0.000000
0.342234 0.000000
0.387865 0.000000
0.433496 0.000000
0.479127 0.000000
0.524758 0.000000
0.570389 0.000000
0.616020 0.000000
0.661652 0.000000
0.707283 0.000000
0.752914 0.000000
0.798545 0.000000
0.844176 0.000000
0.889807 0.000000
0.935438 0.000000
0.981070 0.000000
1.026701 0.000000
1.072332 0.000000
1.117963 0.000000
1.163594 0.000000
1.209225 0.000000
1.254856 0.000000
1.300488 0.000000
1.346119 0.000000
1.391750 0.000000
1.437381 0.000000
1.483012 0.000000
1.528643 0.000000
1.574274 0.000000
1.619906 0.000000
1.665537 0.000000
1.711168 0.000000
1.756799 0.000000
1.802430 0.000000
1.848061 0.000000
1.893692 0.000000
1.939324 0.000000
1.984955 0.000000
2.030586 0.000000
2.076217 0.000000
2.121848 0.000000
2.167479 0.000000
2.213111 0.000000
2.258742 0.000000
2.304373 0.000000
2.350004 0.000000
2.395635 0.000000
2.441266 0.000000
2.486897 0.000000
2.532529 0.000000
2.578160 0.000000
2.623791 0.000000
2.669422 0.016601
2.715053 0.030863
2.760684 0.030368
2.806315 0.082400
2.851947 0.128798
2.897578 0.170061
2.943209 0.224805
2.988840 0.300158
3.034471 0.372147
3.080102 0.433508
3.125733 0.601570
3.171365 0.655708
3.216996 0.668560
3.262627 0.808451
3.308258 0.899052
3.353889 0.944109
3.399520 0.973219
3.445151 1.146906
3.490783 1.307970
3.536414 1.433534
3.582045 1.441122
3.627676 1.455895
3.673307 1.421268
3.718938 1.392757
3.764569 1.433830
3.810201 1.483297
3.855832 1.436868
3.901463 1.302446
3.947094 1.358093
3.992725 1.434615
4.038356 1.386252
4.083987 1.362584
4.129619 1.325746
4.175250 1.409127
4.220881 1.338034
4.266512 1.314670
4.312143 1.266378
4.357774 1.222005
4.403405 1.278502
4.449037 1.256856
4.494668 1.262545
4.540299 1.206149
4.585930 1.119562
4.631561 1.091666
4.677192 1.094874
4.722823 1.068395
4.768455 1.005918
4.814086 1.046706
4.859717 1.109654
4.905348 1.071009
4.950979 1.105241
4.996610 1.074666
5.042241 0.924418
5.087873 0.993353
5.133504 0.961769
5.179135 0.912717
5.224766 0.940406
5.270397 1.009166
5.316028 0.963032
5.361659 0.886182
5.407291 0.880266
5.452922 0.825387
5.498553 0.812859
5.544184 0.824856
5.589815 0.803475
5.635446 0.744290
5.681077 0.711363
5.726709 0.734882
5.772340 0.759508
5.817971 0.746038
5.863602 0.680605
5.909233 0.651117
5.954864 0.597100
6.000496 0.615389
6.046127 0.656682
6.091758 0.609877
6.137389 0.621688
6.183020 0.628346
6.228651 0.644235
6.274282 0.615619
6.319914 0.551604
6.365545 0.527017
6.411176 0.538430
6.456807 0.564619
6.502438 0.607756
6.548069 0.605220
6.593700 0.607858
6.639332 0.588914
6.684963 0.537490
6.730594 0.527700
6.776225 0.526527
6.821856 0.457011
6.867487 0.496236
6.913118 0.576564
6.958750 0.598624
7.004381 0.563870
7.050012 0.552122
7.095643 0.523433
7.141274 0.506472
7.186905 0.561702
7.232536 0.540481
7.278168 0.586792
7.323799 1.007534
7.369430 1.354576
7.415061 0.954007
7.460692 0.539662
7.506323 0.451242
7.551954 0.446869
7.597586 0.437883
7.643217 0.423790
7.688848 0.425346
7.734479 0.448983
7.780110 0.449462
7.825741 0.424935
7.871372 0.458886
7.917004 0.457982
7.962635 0.457042
8.008266 0.428028
8.053897 0.383634
8.099528 0.368526
8.145159 0.365347
8.190790 0.372573
8.236422 0.389054
8.282053 0.412031
8.327684 0.404319
8.373315 0.351038
8.418946 0.346007
8.464577 0.367111
8.510208 0.395796
8.555840 0.397100
8.601471 0.405889
8.647102 0.389864
8.692733 0.413115
8.738364 0.400249
8.783995 0.336589
8.829626 0.396883
8.875258 0.384128
8.920889 0.339041
8.966520 0.334946
9.012151 0.320242
9.057782 0.304915
9.103413 0.343355
9.149044 0.356410
9.194676 0.378077
9.240307 0.416778
9.285938 0.347172
9.331569 0.307521
9.377200 0.326031
9.422831 0.344136
9.468462 0.351713
9.514094 0.323388
9.559725 0.280082
9.605356 0.334913
9.650987 0.387438
9.696618 0.346225
9.742249 0.325761
9.787880 0.317433
9.833512 0.309901
9.879143 0.304969
9.924774 0.311308
9.970405 0.334875
10.016036 0.346476
10.061667 0.332995
10.107299 0.323886
10.152930 0.329994
10.198561 0.379859
10.244192 0.405134
10.289823 0.362772
10.335454 0.355791
10.381085 0.345540
10.426717 0.304352
10.472348 0.332174
10.517979 0.347049
10.563610 0.324371
10.609241 0.359822
10.654872 0.396088
10.700503 0.396829
10.746135 0.379846
10.791766 0.343530
10.837397 0.299941
10.883028 0.339317
10.928659 0.371461
10.974290 0.366645
11.019921 0.365744
11.065553 0.389064
11.111184 0.399277
11.156815 0.385232
11.202446 0.399229
11.248077 0.443005
11.293708 0.446498
11.339339 0.450475
11.384971 0.514007
11.430602 0.488219
11.476233 0.467000
11.521864 0.500956
11.567495 0.470284
11.613126 0.455665
11.658757 0.480619
11.704389 0.500067
11.750020 0.514163
11.795651 0.523112
11.841282 0.524334
11.886913 0.540092
11.932544 0.547144
11.978175 0.599163
12.023807 0.639288
12.069438 0.699843
12.115069 0.719086
12.160700 0.713665
12.206331 0.738475
12.251962 0.796001
12.297593 0.794781
12.343225 0.840441
12.388856 0.855922
12.434487 0.829664
12.480118 0.820293
12.525749 0.831948
12.571380 0.870781
12.617011 0.967447
12.662643 1.021538
12.708274 1.107512
12.753905 1.264432
12.799536 1.325265
12.845167 1.220689
12.890798 1.161004
12.936429 1.207400
12.982061 1.269810
13.027692 1.308775
13.073323 1.411143
13.118954 1.491220
13.164585 1.586619
13.210216 1.597902
13.255847 1.617305
13.301479 1.744772
13.347110 1.806604
13.392741 1.890881
13.438372 2.048483
13.484003 1.991471
13.529634 1.955940
13.575265 2.002414
13.620897 2.032251
13.666528 2.101421
13.712159 2.205709
13.757790 2.253445
13.803421 2.259657
13.849052 2.308091
13.894683 2.408769
13.940315 2.478400
13.985946 2.529820
14.031577 2.612841
14.077208 2.701694
14.122839 2.784355
14.168470 2.883548
14.214102 2.894545
14.259733 2.903985
14.305364 3.012098
14.350995 3.061017
14.396626 3.060350
14.442257 3.012324
14.487888 3.038577
14.533520 3.209527
14.579151 3.121677
14.624782 3.145333
14.670413 3.287859
14.716044 3.289899
14.761675 3.242124
14.807306 3.237049
14.852938 3.202301
14.898569 3.254507
14.944200 3.253640
14.989831 3.165387
15.035462 3.111965
15.081093 3.160796
15.126724 3.238950
15.172356 3.348898
15.217987 3.405392
15.263618 3.520978
15.309249 3.617709
15.354880 3.548905
15.400511 3.437990
15.446142 3.284820
15.491774 3.039078
15.537405 2.900576
15.583036 2.825778
15.628667 2.792984
15.674298 2.743831
15.719929 2.704980
15.765560 2.665000
15.811192 2.686764
15.856823 2.573591
15.902454 2.459826
15.948085 2.465645
15.993716 2.401382
16.039347 2.365204
16.084978 2.305215
16.130610 2.116168
16.176241 2.037363
16.221872 1.970942
16.267503 1.885932
16.313134 1.763776
16.358765 1.692780
16.404396 1.700083
16.450028 1.674480
16.495659 1.635900
16.541290 1.598748
16.586921 1.524229
16.632552 1.535774
16.678183 1.467193
16.723814 1.332937
16.769446 1.285191
16.815077 1.261124
16.860708 1.178777
16.906339 1.114781
16.951970 1.096813
16.997601 1.053540
17.043232 1.079890
17.088864 1.078251
17.134495 1.018710
17.180126 0.929550
17.225757 0.879876
17.271388 0.831879
17.317019 0.826434
17.362650 0.782326
17.408282 0.768995
17.453913 0.749867
17.499544 0.663316
17.545175 0.647684
17.590806 0.655101
17.636437 0.688334
17.682068 0.859477
17.727700 1.624079
17.773331 4.489058
17.818962 12.022536
17.864593 15.892118
17.910224 9.852401
17.955855 3.230695
18.001487 1.202363
18.047118 0.634926
18.092749 0.485088
18.138380 0.446530
18.184011 0.385178
18.229642 0.368881
18.275273 0.364775
18.320905 0.340473
18.366536 0.329749
18.412167 0.308803
18.457798 0.371916
18.503429 0.474079
18.549060 0.460098
18.594691 0.369090
18.640323 0.308776
18.685954 0.260995
18.731585 0.253503
18.777216 0.231389
18.822847 0.226062
18.868478 0.213104
18.914109 0.211047
18.959741 0.224008
19.005372 0.216231
19.051003 0.200579
19.096634 0.190188
19.142265 0.189902
19.187896 0.184232
19.233527 0.179751
19.279159 0.186841
19.324790 0.193097
19.370421 0.208028
19.416052 0.211483
19.461683 0.216173
19.507314 0.208652
19.552945 0.221529
19.598577 0.218817
19.644208 0.166441
19.689839 0.136493
19.735470 0.131660
19.781101 0.149577
19.826732 0.148217
19.872363 0.162188
19.917995 0.186383
19.963626 0.175239
20.009257 0.129135
20.054888 0.094754
20.100519 0.079107
20.146150 0.096178
20.191781 0.103436
20.237413 0.093297
20.283044 0.093632
20.328675 0.091910
20.374306 0.079249
20.419937 0.075069
20.465568 0.078145
20.511199 0.090855
20.556831 0.130003
20.602462 0.199313
20.648093 0.189932
20.693724 0.123134
20.739355 0.086008
20.784986 0.076227
20.830617 0.055355
20.876249 0.058299
20.921880 0.061077
20.967511 0.064951
21.013142 0.056849
21.058773 0.056012
21.104404 0.061885
21.150035 0.056778
21.195667 0.051088
21.241298 0.045147
21.286929 0.056671
21.332560 0.063728
21.378191 0.067550
21.423822 0.060807
21.469453 0.054770
21.515085 0.052723
21.560716 0.049328
21.606347 0.049820
21.651978 0.054129
21.697609 0.091188
21.743240 0.138790
21.788871 0.130191
21.834503 0.095395
21.880134 0.061544
21.925765 0.053292
21.971396 0.042892
22.017027 0.034562
22.062658 0.033883
22.108290 0.036037
22.153921 0.039042
22.199552 0.036926
22.245183 0.037173
22.290814 0.040140
22.336445 0.045441
22.382076 0.041587
22.427708 0.033810
22.473339 0.034466
22.518970 0.033127
22.564601 0.030123
22.610232 0.035237
22.655863 0.027921
22.701494 0.024919
22.747126 0.032599
22.792757 0.028813
22.838388 0.023737
22.884019 0.021209
22.929650 0.024316
22.975281 0.028665
23.020912 0.024899
23.066544 0.026359
23.112175 0.028730
23.157806 0.030501
23.203437 0.029566
23.249068 0.028247
23.294699 0.027046
23.340330 0.028154
23.385962 0.027313
23.431593 0.023218
23.477224 0.023839
23.522855 0.022779
23.568486 0.032028
23.614117 0.031994
23.659748 0.025369
23.705380 0.029543
23.751011 0.030970
23.796642 0.029561
23.842273 0.029365
23.887904 0.029503
23.933535 0.032599
23.979166 0.034158
24.024798 0.037948
24.070429 0.043783
24.116060 0.085590
24.161691 0.284466
24.207322 1.069228
24.252953 4.098292
24.298584 16.115730
24.344216 32.701530
24.389847 28.958570
24.435478 9.877540
24.481109 2.497968
24.526740 0.616473
24.572371 0.165930
24.618002 0.051525
24.663634 0.032505
24.709265 0.020948
24.754896 0.023936
24.800527 0.024000
24.846158 0.017765
24.891789 0.017270
24.937420 0.019601
24.983052 0.020230
25.028683 0.020536
25.074314 0.017469
25.119945 0.012621
25.165576 0.013079
25.211207 0.016539
25.256838 0.021880
25.302470 0.024713
25.348101 0.050054
25.393732 0.156192
25.439363 0.507692
25.484994 0.978380
25.530625 0.917037
25.576256 0.342016
25.621888 0.115429
25.667519 0.037773
25.713150 0.022259
25.758781 0.019664
25.804412 0.019126
25.850043 0.021824
25.895675 0.039382
25.941306 0.185975
25.986937 0.778609
26.032568 3.012031
26.078199 10.327152
26.123830 15.527525
26.169461 9.823733
26.215093 2.827695
26.260724 0.610135
26.306355 0.119600
26.351986 0.027672
26.397617 0.019006
26.443248 0.018642
26.488879 0.015149
26.534511 0.012808
26.580142 0.011154
26.625773 0.015593
26.671404 0.016173
26.717035 0.012002
26.762666 0.012780
26.808297 0.011221
26.853929 0.010560
26.899560 0.006534
26.945191 0.006968
26.990822 0.007740
27.036453 0.010152
27.082084 0.011831
27.127715 0.009328
27.173347 0.005171
27.218978 0.003896
27.264609 0.006116
27.310240 0.011035
27.355871 0.010281
27.401502 0.006732
27.447133 0.007604
27.492765 0.008909
27.538396 0.006512
27.584027 0.006977
27.629658 0.006123
27.675289 0.005035
27.720920 0.005025
27.766551 0.003091
27.812183 0.003143
27.857814 0.004290
27.903445 0.006681
27.949076 0.006955
27.994707 0.003957
28.040338 0.002752
28.085969 0.005058
28.131601 0.007440
28.177232 0.008746
28.222863 0.008128
28.268494 0.007920
28.314125 0.006881
28.359756 0.006579
28.405387 0.006840
28.451019 0.006181
28.496650 0.003880
28.542281 0.004634
28.587912 0.019859
28.633543 0.124586
28.679174 0.327272
28.724805 0.299334
28.770437 0.088916
28.816068 0.011484
28.861699 0.004956
28.907330 0.007478
28.952961 0.012604
28.998592 0.016024
29.044223 0.008010
29.089855 0.007838
29.135486 0.006496
29.181117 0.005519
29.226748 0.006593
29.272379 0.005970
29.318010 0.004916
29.363641 0.005405
29.409273 0.008958
29.454904 0.012833
29.500535 0.019838
29.546166 0.043944
29.591797 0.151201
29.637428 0.676242
29.683059 3.022618
29.728691 12.936300
29.774322 32.294044
29.819953 36.304153
29.865584 17.905746
29.911215 4.541838
29.956846 0.978826
30.002478 0.193038
30.048109 0.039850
30.093740 0.013855
30.139371 0.006112
30.185002 0.005079
30.230633 0.005102
30.276264 0.002767
30.321896 0.000228
30.367527 0.000176
30.413158 0.001779
30.458789 0.005252
30.504420 0.005883
30.550051 0.004659
30.595682 0.006426
30.641314 0.009266
30.686945 0.020996
30.732576 0.051550
30.778207 0.041743
30.823838 0.014705
30.869469 0.006069
30.915100 0.006042
30.960732 0.006552
31.006363 0.005753
31.051994 0.003585
31.097625 0.003018
31.143256 0.006398
31.188887 0.007543
31.234518 0.005898
31.280150 0.005001
31.325781 0.004695
31.371412 0.007364
31.417043 0.007642
31.462674 0.005547
31.508305 0.005057
31.553936 0.019848
31.599568 0.172990
31.645199 0.301148
31.690830 0.189212
31.736461 0.039196
31.782092 0.004202
31.827723 0.005497
31.873354 0.006338
31.918986 0.002896
31.964617 0.001567
32.010248 0.004347
32.055879 0.003551
32.101510 0.001676
32.147141 0.002382
32.192772 0.003141
32.238404 0.001528
32.284035 0.002833
32.329666 0.003535
32.375297 0.002391
32.420928 0.001944
32.466559 0.003090
32.512190 0.003493
32.557822 0.003008
32.603453 0.002834
32.649084 0.005229
32.694715 0.005913
32.740346 0.005106
32.785977 0.004512
32.831608 0.001732
32.877240 0.001358
32.922871 0.001528
32.968502 0.003176
33.014133 0.002695
33.059764 0.002866
33.105395 0.004884
33.151026 0.005016
33.196658 0.001651
33.242289 0.001673
33.287920 0.003246
33.333551 0.004238
33.379182 0.002881
33.424813 0.003560
33.470444 0.004219
33.516076 0.004585
33.561707 0.004630
33.607338 0.003137
33.652969 0.004412
33.698600 0.005963
33.744231 0.004969
33.789862 0.004829
33.835494 0.005738
33.881125 0.005096
33.926756 0.002746
33.972387 0.002058
34.018018 0.001180
34.063649 0.001572
34.109281 0.004678
34.154912 0.006830
34.200543 0.003160
34.246174 0.002207
34.291805 0.003068
34.337436 0.003365
34.383067 0.002252
34.428699 0.003107
34.474330 0.002006
34.519961 0.001310
34.565592 0.002435
34.611223 0.003259
34.656854 0.005046
34.702485 0.002993
34.748117 0.001436
34.793748 0.004285
34.839379 0.003707
34.885010 0.003023
34.930641 0.004025
34.976272 0.005906
35.021903 0.004176
35.067535 0.003421
35.113166 0.004011
35.158797 0.003044
35.204428 0.004131
35.250059 0.006153
35.295690 0.005299
35.341321 0.002815
35.386953 0.004295
35.432584 0.005610
35.478215 0.012124
35.523846 0.072941
35.569477 0.422734
35.615108 2.073710
35.660739 7.777874
35.706371 16.641190
35.752002 13.961884
35.797633 5.519203
35.843264 1.227345
35.888895 0.235234
35.934526 0.048403
35.980157 0.011562
36.025789 0.004348
36.071420 0.003428
36.117051 0.004004
36.162682 0.004781
36.208313 0.003715
36.253944 0.004285
36.299575 0.005834
36.345207 0.004894
36.390838 0.005302
36.436469 0.003896
36.482100 0.004234
36.527731 0.002971
36.573362 0.001791
36.618993 0.003410
36.664625 0.003985
36.710256 0.003381
36.755887 0.002546
36.801518 0.003538
36.847149 0.004027
36.892780 0.003346
36.938411 0.003574
36.984043 0.005598
37.029674 0.006028
37.075305 0.004865
37.120936 0.004402
37.166567 0.003412
37.212198 0.002730
37.257829 0.002881
37.303461 0.002239
37.349092 0.001730
37.394723 0.001210
37.440354 0.002827
37.485985 0.003866
37.531616 0.004402
37.577247 0.002939
37.622879 0.009414
37.668510 0.017943
37.714141 0.020312
37.759772 0.008726
37.805403 0.008111
37.851034 0.005595
37.896666 0.003760
37.942297 0.002897
37.987928 0.002129
38.033559 0.002843
38.079190 0.003321
38.124821 0.002847
38.170452 0.002642
38.216084 0.003139
38.261715 0.003121
38.307346 0.002953
38.352977 0.003864
38.398608 0.005081
38.444239 0.012284
38.489870 0.032045
38.535502 0.079525
38.581133 0.231059
38.626764 0.756893
38.672395 2.994385
38.718026 12.018578
38.763657 37.431286
38.809288 53.169701
38.854920 33.610420
38.900551 10.524395
38.946182 2.485309
38.991813 0.631904
39.037444 0.197121
39.083075 0.067569
39.128706 0.023377
39.174338 0.011819
39.219969 0.008980
39.265600 0.009643
39.311231 0.006674
39.356862 0.006403
39.402493 0.005886
39.448124 0.002847
39.493756 0.005075
39.539387 0.004730
39.585018 0.001793
39.630649 0.002341
39.676280 0.004299
39.721911 0.005427
39.767542 0.004989
39.813174 0.007833
39.858805 0.031404
39.904436 0.110117
39.950067 0.267361
39.995698 0.326730
40.041329 0.178925
40.086960 0.083450
40.132592 0.227396
40.178223 0.634906
40.223854 0.603577
40.269485 0.213087
40.315116 0.022522
40.360747 0.003435
40.406378 0.004717
40.452010 0.004831
40.497641 0.002645
40.543272 0.001223
40.588903 0.002611
40.634534 0.002301
40.680165 0.001770
40.725796 0.002986
40.771428 0.004942
40.817059 0.004441
40.862690 0.003453
40.908321 0.016689
40.953952 0.169502
40.999583 0.792948
41.045214 2.055893
41.090846 3.928219
41.136477 4.595832
41.182108 2.397145
41.227739 0.641064
41.273370 0.091893
41.319001 0.009391
41.364632 0.001870
41.410264 0.002204
41.455895 0.002452
41.501526 0.002823
41.547157 0.002506
41.592788 0.003373
41.638419 0.002361
41.684050 0.001931
41.729682 0.003929
41.775313 0.004557
41.820944 0.003269
41.866575 0.002868
41.912206 0.002032
41.957837 0.000716
42.003469 0.001348
42.049100 0.001951
42.094731 0.002967
42.140362 0.004581
42.185993 0.004656
42.231624 0.003874
42.277255 0.004135
42.322887 0.002381
42.368518 0.002743
42.414149 0.002832
42.459780 0.003089
42.505411 0.005086
42.551042 0.004285
42.596673 0.002930
42.642305 0.002687
42.687936 0.002647
42.733567 0.003876
42.779198 0.003450
42.824829 0.003569
42.870460 0.004166
42.916091 0.003337
42.961723 0.003446
43.007354 0.003157
43.052985 0.001640
43.098616 0.003186
43.144247 0.003633
43.189878 0.005702
43.235509 0.005530
43.281141 0.005046
43.326772 0.005317
43.372403 0.005866
43.418034 0.020247
43.463665 0.067318
43.509296 0.095199
43.554927 0.062455
43.600559 0.022397
43.646190 0.008200
43.691821 0.008646
43.737452 0.007113
43.783083 0.006082
43.828714 0.004786
43.874345 0.004875
43.919977 0.005262
43.965608 0.003145
44.011239 0.007579
44.056870 0.030578
44.102501 0.206730
44.148132 1.142173
44.193763 4.954325
44.239395 11.449403
44.285026 11.300378
44.330657 4.872060
44.376288 1.131437
44.421919 0.188849
44.467550 0.032542
44.513181 0.007553
44.558813 0.003710
44.604444 0.003464
44.650075 0.003281
44.695706 0.002396
44.741337 0.003021
44.786968 0.003845
44.832599 0.004458
44.878231 0.006529
44.923862 0.010921
44.969493 0.020965
45.015124 0.055355
45.060755 0.183834
45.106386 0.735359
45.152017 3.211842
45.197649 10.647635
45.243280 20.929443
45.288911 18.970778
45.334542 7.612056
45.380173 2.041726
45.425804 0.476200
45.471435 0.134618
45.517067 0.049115
45.562698 0.020551
45.608329 0.009073
45.653960 0.004697
45.699591 0.002532
45.745222 0.002899
45.790854 0.002485
45.836485 0.006388
45.882116 0.005966
45.927747 0.002536
45.973378 0.003269
46.019009 0.003858
46.064640 0.002819
46.110272 0.002249
46.155903 0.001357
46.201534 0.002620
46.247165 0.005366
46.292796 0.005489
46.338427 0.005995
46.384058 0.003337
46.429690 0.019757
46.475321 0.131361
46.520952 0.295459
46.566583 0.243829
46.612214 0.080960
46.657845 0.017020
46.703476 0.005058
46.749108 0.004229
46.794739 0.002856
46.840370 0.003423
46.886001 0.004233
46.931632 0.003427
46.977263 0.003140
47.022894 0.001947
47.068526 0.001373
47.114157 0.002228
47.159788 0.003045
47.205419 0.002784
47.251050 0.002326
47.296681 0.003791
47.342312 0.002488
47.387944 0.002490
47.433575 0.002177
47.479206 0.002404
47.524837 0.002906
47.570468 0.002327
47.616099 0.002908
47.661730 0.004163
47.707362 0.004367
47.752993 0.003339
47.798624 0.003105
47.844255 0.002061
47.889886 0.003982
47.935517 0.005874
47.981148 0.002729
48.026780 0.002282
48.072411 0.002536
48.118042 0.001929
48.163673 0.002155
48.209304 0.002303
48.254935 0.001548
48.300566 0.001254
48.346198 0.002313
48.391829 0.004229
48.437460 0.002670
48.483091 0.002089
48.528722 0.003991
48.574353 0.009043
48.619984 0.038124
48.665616 0.219653
48.711247 0.614824
48.756878 0.616051
48.802509 0.232432
48.848140 0.030383
48.893771 0.005022
48.939402 0.002364
48.985034 0.001762
49.030665 0.001090
49.076296 0.003042
49.121927 0.003535
49.167558 0.002221
49.213189 0.002489
49.258820 0.001387
49.304452 0.002740
49.350083 0.002407
49.395714 0.001011
49.441345 0.001616
49.486976 0.001390
49.532607 0.001763
49.578238 0.003758
49.623870 0.002917
49.669501 0.002025
49.715132 0.003618
49.760763 0.003035
49.806394 0.003405
49.852025 0.003787
49.897657 0.003170
49.943288 0.015065
49.988919 0.098023
50.034550 0.561464
50.080181 2.444434
50.125812 6.673571
50.171443 7.861188
50.217075 4.196308
50.262706 1.541899
50.308337 2.120569
50.353968 3.492741
50.399599 2.691137
50.445230 0.925392
50.490861 0.167663
50.536493 0.025801
50.582124 0.003024
50.627755 0.002518
50.673386 0.003375
50.719017 0.002232
50.764648 0.000990
50.810279 0.003041
50.855911 0.004322
50.901542 0.002812
50.947173 0.003438
50.992804 0.004838
51.038435 0.003103
51.084066 0.002768
51.129697 0.001682
51.175329 0.000930
51.220960 0.001372
51.266591 0.001630
51.312222 0.002563
51.357853 0.001834
51.403484 0.000264
51.449115 0.001158
51.494747 0.000912
51.540378 0.000000
51.586009 0.000697
51.631640 0.001946
51.677271 0.000980
51.722902 0.000806
51.768533 0.001323
51.814165 0.001765
51.859796 0.002698
51.905427 0.001717
51.951058 0.002624
51.996689 0.005065
52.042320 0.038110
52.087951 0.095299
52.133583 0.119202
52.179214 0.348052
52.224845 1.245242
52.270476 1.942242
52.316107 1.317247
52.361738 0.346662
52.407369 0.049543
52.453001 0.004555
52.498632 0.004178
52.544263 0.002132
52.589894 0.000473
52.635525 0.000458
52.681156 0.000700
52.726787 0.000795
52.772419 0.000958
52.818050 0.001849
52.863681 0.001507
52.909312 0.002113
52.954943 0.001958
53.000574 0.000956
53.046205 0.000467
53.091837 0.001036
53.137468 0.000591
53.183099 0.000002
53.228730 0.000750
53.274361 0.001107
53.319992 0.000301
53.365623 0.001312
53.411255 0.001758
53.456886 0.001189
53.502517 0.007668
53.548148 0.071121
53.593779 0.140188
53.639410 0.087486
53.685041 0.018756
53.730673 0.001272
53.776304 0.000474
53.821935 0.000749
53.867566 0.000364
53.913197 0.000954
53.958828 0.001455
54.004460 0.000784
54.050091 0.008596
54.095722 0.121776
54.141353 0.650151
54.186984 1.389209
54.232615 1.263888
54.278246 0.510589
54.323878 0.083289
54.369509 0.010270
54.415140 0.000441
54.460771 0.000207
54.506402 0.002278
54.552033 0.013903
54.597664 0.036554
54.643296 0.036238
54.688927 0.010433
54.734558 0.002671
54.780189 0.000349
54.825820 0.000007
54.871451 0.000117
54.917082 0.000391
54.962714 0.000848
55.008345 0.000665
55.053976 0.001011
55.099607 0.015912
55.145238 0.139173
55.190869 0.605357
55.236500 1.252097
55.282132 1.455303
55.327763 1.027299
55.373394 0.358583
55.419025 0.063477
55.464656 0.003621
55.510287 0.000689
55.555918 0.000815
55.601550 0.001159
55.647181 0.000711
55.692812 0.000323
55.738443 0.000000
55.784074 0.000000
55.829705 0.000160
55.875336 0.000661
55.920968 0.000428
55.966599 0.000366
56.012230 0.000421
56.057861 0.000350
56.103492 0.000428
56.149123 0.000302
56.194754 0.000000
56.240386 0.000016
56.286017 0.000410
56.331648 0.001531
56.377279 0.014880
56.422910 0.100232
56.468541 0.524585
56.514172 1.725611
56.559804 2.574602
56.605435 1.725411
56.651066 0.505637
56.696697 0.077070
56.742328 0.002735
56.787959 0.000000
56.833590 0.000000
56.879222 0.000296
56.924853 0.000318
56.970484 0.000000
57.016115 0.000000
57.061746 0.000000
57.107377 0.003755
57.153008 0.003028
57.198640 0.000361
57.244271 0.005052
57.289902 0.050905
57.335533 0.228317
57.381164 0.585555
57.426795 0.660304
57.472426 0.347661
57.518058 0.115143
57.563689 0.322229
57.609320 1.457130
57.654951 3.092039
57.700582 2.957473
57.746213 1.296047
57.791845 0.263120
57.837476 0.028599
57.883107 0.001319
57.928738 0.000000
57.974369 0.000000
58.020000 0.000000
58.065631 0.000000
58.111263 0.000000
58.156894 0.000000
58.202525 0.000277
58.248156 0.000322
58.293787 0.000266
58.339418 0.000332
58.385049 0.000229
58.430681 0.000563
58.476312 0.000342
58.521943 0.000363
58.567574 0.000866
58.613205 0.000805
58.658836 0.000597
58.704467 0.000945
58.750099 0.000705
58.795730 0.000499
58.841361 0.000159
58.886992 0.000225
58.932623 0.000731
58.978254 0.001315
59.023885 0.006568
59.069517 0.018453
59.115148 0.019022
59.160779 0.009349
59.206410 0.001989
59.252041 0.000000
59.297672 0.000000
59.343303 0.000979
59.388935 0.009064
59.434566 0.026847
59.480197 0.104323
59.525828 0.676396
59.571459 2.778802
59.617090 5.470074
59.662721 5.433853
59.708353 2.236431
59.753984 0.518090
59.799615 0.069506
59.845246 0.012224
59.890877 0.002099
59.936508 0.000196
59.982139 0.000000
60.027771 0.000567
60.073402 0.000654
60.119033 0.000000
60.164664 0.000000
60.210295 0.000000
60.255926 0.000119
60.301557 0.000347
60.347189 0.000171
60.392820 0.000004
60.438451 0.000366
60.484082 0.000265
60.529713 0.000000
60.575344 0.000000
60.620975 0.000000
60.666607 0.000000
60.712238 0.000000
60.757869 0.000000
60.803500 0.000000
60.849131 0.000179
60.894762 0.000344
60.940393 0.000357
60.986025 0.004730
61.031656 0.065980
61.077287 0.257258
61.122918 0.412527
61.168549 0.264451
61.214180 0.074036
61.259811 0.003525
61.305443 0.000303
61.351074 0.000109
61.396705 0.000000
61.442336 0.000000
61.487967 0.000070
61.533598 0.000358
61.579229 0.000241
61.624861 0.000425
61.670492 0.000108
61.716123 0.000000
61.761754 0.000000
61.807385 0.000000
61.853016 0.000000
61.898648 0.000000
61.944279 0.000083
61.989910 0.000342
62.035541 0.000219
62.081172 0.000489
62.126803 0.008777
62.172434 0.108425
62.218066 0.716133
62.263697 2.441283
62.309328 4.110077
62.354959 3.218344
62.400590 1.226220
62.446221 0.214498
62.491852 0.026824
62.537484 0.001065
62.583115 0.000000
62.628746 0.000000
62.674377 0.000000
62.720008 0.000021
62.765639 0.000378
62.811270 0.000255
62.856902 0.000000
62.902533 0.000000
62.948164 0.000000
62.993795 0.002698
63.039426 0.012538
63.085057 0.023426
63.130688 0.014185
63.176320 0.008245
63.221951 0.070806
63.267582 0.335832
63.313213 0.641468
63.358844 0.552404
63.404475 0.200476
63.450106 0.028286
63.495738 0.001358
63.541369 0.000304
63.587000 0.000000
63.632631 0.000000
63.678262 0.000017
63.723893 0.000333
63.769524 0.000510
63.815156 0.002117
63.860787 0.006259
63.906418 0.009221
63.952049 0.003729
63.997680 0.000546
64.043311 0.000333
64.088942 0.000054
64.134574 0.000000
64.180205 0.000000
64.225836 0.000249
64.271467 0.000733
64.317098 0.000297
64.362729 0.000000
64.408360 0.000246
64.453992 0.000406
64.499623 0.000000
64.545254 0.000000
64.590885 0.000000
64.636516 0.000000
64.682147 0.000000
64.727778 0.000000
64.773410 0.009843
64.819041 0.009848
64.864672 0.000359
64.910303 0.000208
64.955934 0.000000
65.001565 0.000000
65.047196 0.000000
65.092828 0.000000
65.138459 0.000000
65.184090 0.000000
65.229721 0.000384
65.275352 0.001867
65.320983 0.004491
65.366614 0.003346
65.412246 0.000305
65.457877 0.000000
65.503508 0.000000
65.549139 0.000000
65.594770 0.000000
65.640401 0.000000
65.686033 0.000000
65.731664 0.000000
65.777295 0.000000
65.822926 0.000752
65.868557 0.007871
65.914188 0.021865
65.959819 0.025158
66.005451 0.012035
66.051082 0.004021
66.096713 0.002517
66.142344 0.000576
66.187975 0.000000
66.233606 0.000000
66.279237 0.000000
66.324869 0.000000
66.370500 0.000531
66.416131 0.040962
66.461762 0.199577
66.507393 0.432575
66.553024 0.446431
66.598655 0.295561
66.644287 0.188787
66.689918 0.118186
66.735549 0.033870
66.781180 0.007569
66.826811 0.000922
66.872442 0.000000
66.918073 0.000000
66.963705 0.000000
67.009336 0.000000
67.054967 0.000000
67.100598 0.000000
67.146229 0.000000
67.191860 0.000000
67.237491 0.000000
67.283123 0.000000
67.328754 0.000000
67.374385 0.000000
67.420016 0.000000
67.465647 0.000000
67.511278 0.000000
67.556909 0.000000
67.602541 0.003960
67.648172 0.068941
67.693803 0.275553
67.739434 0.454956
67.785065 0.328325
67.830696 0.097953
67.876327 0.008176
67.921959 0.000000
67.967590 0.000000
68.013221 0.000000
68.058852 0.000000
68.104483 0.000000
68.150114 0.000058
68.195745 0.000556
68.241377 0.000397
68.287008 0.000000
68.332639 0.005196
68.378270 0.070408
68.423901 0.467423
68.469532 1.373221
68.515163 1.906666
68.560795 1.363490
68.606426 0.823075
68.652057 0.827507
68.697688 0.640325
68.743319 0.234364
68.788950 0.028819
68.834581 0.000526
68.880213 0.000770
68.925844 0.000517
68.971475 0.002720
69.017106 0.032749
69.062737 0.199510
69.108368 0.646851
69.153999 1.143233
69.199631 0.992551
69.245262 0.403719
69.290893 0.087960
69.336524 0.008200
69.382155 0.000316
69.427786 0.000000
69.473417 0.000000
69.519049 0.000000
69.564680 0.000000
69.610311 0.000000
69.655942 0.000000
69.701573 0.000000
69.747204 0.000000
69.792836 0.000505
69.838467 0.001378
69.884098 0.000638
69.929729 0.001376
69.975360 0.005707
70.020991 0.005000
70.066622 0.000943
70.112254 0.000264
70.157885 0.000000
70.203516 0.000000
70.249147 0.000813
70.294778 0.001192
70.340409 0.000170
70.386040 0.000000
70.431672 0.000000
70.477303 0.000283
70.522934 0.008685
70.568565 0.076091
70.614196 0.254357
70.659827 0.317901
70.705458 0.153497
70.751090 0.020951
70.796721 0.000623
70.842352 0.000000
70.887983 0.000000
70.933614 0.000000
70.979245 0.000000
71.024876 0.000000
71.070508 0.000000
71.116139 0.000000
71.161770 0.000000
71.207401 0.000000
71.253032 0.000000
71.298663 0.000000
71.344294 0.004500
71.389926 0.058726
71.435557 0.182896
71.481188 0.241262
71.526819 0.152725
71.572450 0.043991
71.618081 0.002542
71.663712 0.000000
71.709344 0.000000
71.754975 0.000000
71.800606 0.000000
71.846237 0.000000
71.891868 0.000000
71.937499 0.000761
71.983130 0.000724
72.028762 0.000000
72.074393 0.000000
72.120024 0.000000
72.165655 0.000000
72.211286 0.000000
72.256917 0.000000
72.302548 0.012286
72.348180 0.164612
72.393811 0.751294
72.439442 1.533360
72.485073 1.533981
72.530704 0.766935
72.576335 0.173859
72.621966 0.013477
72.667598 0.000000
72.713229 0.000000
72.758860 0.000000
72.804491 0.000000
72.850122 0.000750
72.895753 0.000931
72.941384 0.000046
72.987016 0.018995
73.032647 0.103167
73.078278 0.294706
73.123909 0.382427
73.169540 0.251167
73.215171 0.083570
73.260802 0.012417
73.306434 0.021733
73.352065 0.149678
73.397696 0.552002
73.443327 1.114200
73.488958 1.221682
73.534589 0.724241
73.580220 0.223652
73.625852 0.037884
73.671483 0.004483
73.717114 0.000555
73.762745 0.001449
73.808376 0.003651
73.854007 0.004623
73.899639 0.003910
73.945270 0.002853
73.990901 0.000340
74.036532 0.000000
74.082163 0.000000
74.127794 0.000000
74.173425 0.003970
74.219057 0.006271
74.264688 0.004796
74.310319 0.006643
74.355950 0.002052
74.401581 0.000000
74.447212 0.000000
74.492843 0.000795
74.538475 0.000871
74.584106 0.000000
74.629737 0.000000
74.675368 0.000000
74.720999 0.017837
74.766630 0.169759
74.812261 0.753406
74.857893 1.744202
74.903524 2.055495
74.949155 1.193583
74.994786 0.338260
75.040417 0.042182
75.086048 0.002300
75.131679 0.003238
75.177311 0.000864
75.222942 0.000000
75.268573 0.000000
75.314204 0.003084
75.359835 0.009735
75.405466 0.007601
75.451097 0.001057
75.496729 0.000000
75.542360 0.000000
75.587991 0.000000
75.633622 0.000000
75.679253 0.000000
75.724884 0.000000
75.770515 0.000000
75.816147 0.000000
75.861778 0.000000
75.907409 0.000000
75.953040 0.000000
75.998671 0.000428
76.044302 0.003312
76.089933 0.011656
76.135565 0.010118
76.181196 0.002341
76.226827 0.001803
76.272458 0.022902
76.318089 0.120916
76.363720 0.291603
76.409351 0.296012
76.454983 0.140604
76.500614 0.030714
76.546245 0.000166
76.591876 0.000000
76.637507 0.000000
76.683138 0.000000
76.728769 0.000000
76.774401 0.000000
76.820032 0.000255
76.865663 0.007214
76.911294 0.069986
76.956925 0.370820
77.002556 0.951756
77.048187 1.292975
77.093819 0.834995
77.139450 0.251587
77.185081 0.043697
77.230712 0.001553
77.276343 0.000000
77.321974 0.000000
77.367605 0.000000
77.413237 0.000000
77.458868 0.000000
77.504499 0.000000
77.550130 0.000000
77.595761 0.000000
77.641392 0.000000
77.687024 0.001010
77.732655 0.036379
77.778286 0.152122
77.823917 0.332795
77.869548 0.473377
77.915179 0.632215
77.960810 1.057605
78.006442 1.241754
78.052073 0.814485
78.097704 0.257449
78.143335 0.025899
78.188966 0.000471
78.234597 0.000000
78.280228 0.008298
78.325860 0.088038
78.371491 0.344660
78.417122 0.576809
78.462753 0.528545
78.508384 0.294463
78.554015 0.074480
78.599646 0.009680
78.645278 0.000284
78.690909 0.000000
78.736540 0.000000
78.782171 0.000000
78.827802 0.000000
78.873433 0.000000
78.919064 0.000000
78.964696 0.000000
79.010327 0.000000
79.055958 0.000000
79.101589 0.000000
79.147220 0.000000
79.192851 0.000000
79.238482 0.000000
79.284114 0.000000
79.329745 0.000000
79.375376 0.000000
79.421007 0.000000
79.466638 0.000000
79.512269 0.000827
79.557900 0.002283
79.603532 0.003082
79.649163 0.001984
79.694794 0.000114
79.740425 0.000000
79.786056 0.000000
79.831687 0.000000
79.877318 0.000000
79.922950 0.000000
79.968581 0.015809
80.014212 0.053084
80.059843 0.057552
80.105474 0.019675
80.151105 0.000000
80.196736 0.000000
80.242368 0.000000
80.287999 0.000000
80.333630 0.000000
80.379261 0.000411
80.424892 0.001995
80.470523 0.002281
80.516154 0.000695
80.561786 0.000000
80.607417 0.000000
80.653048 0.000000
80.698679 0.000000
80.744310 0.000000
80.789941 0.000000
80.835572 0.000000
80.881204 0.000000
80.926835 0.000000
80.972466 0.000000
81.018097 0.000000
81.063728 0.000000
81.109359 0.000000
81.154990 0.000000
81.200622 0.000695
81.246253 0.046385
81.291884 0.198594
81.337515 0.376418
81.383146 0.356456
81.428777 0.184573
81.474408 0.132266
81.520040 0.118221
81.565671 0.052020
81.611302 0.007130
81.656933 0.000038
81.702564 0.000000
81.748195 0.000000
81.793827 0.000000
81.839458 0.000000
81.885089 0.000000
81.930720 0.000000
81.976351 0.003725
82.021982 0.041356
82.067613 0.164604
82.113245 0.315362
82.158876 0.302489
82.204507 0.206352
82.250138 0.243666
82.295769 0.320564
82.341400 0.249644
82.387031 0.093394
82.432663 0.011540
82.478294 0.000000
82.523925 0.000000
82.569556 0.000000
82.615187 0.000000
82.660818 0.000771
82.706449 0.002161
82.752081 0.001086
82.797712 0.000000
82.843343 0.000000
82.888974 0.000000
82.934605 0.000000
82.980236 0.000000
83.025867 0.000000
83.071499 0.000000
83.117130 0.000000
83.162761 0.000000
83.208392 0.000000
83.254023 0.000000
83.299654 0.000483
83.345285 0.006864
83.390917 0.016174
83.436548 0.009083
83.482179 0.000460
83.527810 0.000000
83.573441 0.000000
83.619072 0.000000
83.664703 0.000000
83.710335 0.000160
83.755966 0.002375
83.801597 0.001828
83.847228 0.000000
83.892859 0.002084
83.938490 0.003930
83.984121 0.001174
84.029753 0.000000
84.075384 0.000000
84.121015 0.000000
84.166646 0.000000
84.212277 0.002686
84.257908 0.014565
84.303539 0.019774
84.349171 0.006761
84.394802 0.002616
84.440433 0.006504
84.486064 0.002785
84.531695 0.000000
84.577326 0.000000
84.622957 0.000000
84.668589 0.000000
84.714220 0.000000
84.759851 0.000000
84.805482 0.000000
84.851113 0.000000
84.896744 0.000000
84.942375 0.001897
84.988007 0.004849
85.033638 0.002181
85.079269 0.000000
85.124900 0.000000
85.170531 0.000777
85.216162 0.005793
85.261793 0.004055
85.307425 0.000000
85.353056 0.000000
85.398687 0.000000
85.444318 0.001548
85.489949 0.004478
85.535580 0.002163
85.581212 0.000000
85.626843 0.000000
85.672474 0.000000
85.718105 0.000000
85.763736 0.000000
85.809367 0.000000
85.854998 0.000000
85.900630 0.000000
85.946261 0.000000
85.991892 0.000000
86.037523 0.000000
86.083154 0.017655
86.128785 0.104317
86.174416 0.205834
86.220048 0.175347
86.265679 0.086244
86.311310 0.067441
86.356941 0.052754
86.402572 0.025710
86.448203 0.002670
86.493834 0.000000
86.539466 0.000000
86.585097 0.000000
86.630728 0.000000
86.676359 0.000000
86.721990 0.000000
86.767621 0.000000
86.813252 0.000000
86.858884 0.000000
86.904515 0.000000
86.950146 0.000000
86.995777 0.000000
87.041408 0.000000
87.087039 0.000000
87.132670 0.000000
87.178302 0.000000
87.223933 0.000000
87.269564 0.000000
87.315195 0.000000
87.360826 0.000000
87.406457 0.000000
87.452088 0.000000
87.497720 0.000000
87.543351 0.000000
87.588982 0.000000
87.634613 0.000000
87.680244 0.000000
87.725875 0.000000
87.771506 0.000000
87.817138 0.000000
87.862769 0.000000
87.908400 0.000000
87.954031 0.000000
87.999662 0.000000
88.045293 0.000000
88.090924 0.000000
88.136556 0.000000
88.182187 0.000000
88.227818 0.000000
88.273449 0.000000
88.319080 0.000000
88.364711 0.000000
88.410342 0.000000
88.455974 0.006980
88.501605 0.011685
88.547236 0.002697
88.592867 0.000000
88.638498 0.000000
88.684129 0.000000
88.729760 0.000000
88.775392 0.000000
88.821023 0.000000
88.866654 0.000000
88.912285 0.000000
88.957916 0.000000
89.003547 0.000000
89.049178 0.000000
89.094810 0.000000
89.140441 0.000000
89.186072 0.000000
89.231703 0.000000
89.277334 0.000000
89.322965 0.000000
89.368596 0.000000
89.414228 0.000000
89.459859 0.000000
89.505490 0.000000
89.551121 0.000000
89.596752 0.000000
89.642383 0.000000
89.688015 0.000000
89.733646 0.000000
89.779277 0.000000
89.824908 0.000000
89.870539 0.000000
89.916170 0.000000
89.961801 0.000000
90.007433 0.000000
90.053064 0.000000
90.098695 0.000000
90.144326 0.000000
90.189957 0.000000
90.235588 0.000000
90.281219 0.000000
90.326851 0.000000
90.372482 0.000000
90.418113 0.000000
90.463744 0.000000
90.509375 0.000000
90.555006 0.000000
90.600637 0.000000
90.646269 0.000000
90.691900 0.000000
90.737531 0.000000
90.783162 0.000000
90.828793 0.000000
90.874424 0.000000
90.920055 0.000000
90.965687 0.000000
91.011318 0.000000
91.056949 0.000000
91.102580 0.000000
91.148211 0.000000
91.193842 0.000000
91.239473 0.000000
