0.022816 0.000000
0.068447 0.000000
0.114078 0.000000
0.159709 0.000000
0.205340 0.000000
0.250971 0.000000
0.296602 0.000000
0.342234 0.000000
0.387865 0.000000
0.433496 0.000000
0.479127 0.000000
0.524758 0.000000
0.570389 0.000000
0.616020 0.000000
0.661652 0.000000
0.707283 0.000000
0.752914 0.000000
0.798545 0.000000
0.844176 0.000000
0.889807 0.000000
0.935438 0.000000
0.981070 0.000000
1.026701 0.000000
1.072332 0.000000
1.117963 0.000000
1.163594 0.000000
1.209225 0.000000
1.254856 0.000000
1.300488 0.000000
1.346119 0.000000
1.391750 0.000000
1.437381 0.000000
1.483012 0.000000
1.528643 0.000000
1.574274 0.000000
1.619906 0.000000
1.665537 0.000000
1.711168 0.000000
1.756799 0.000000
1.802430 0.000000
1.848061 0.000000
1.893692 0.000000
1.939324 0.000000
1.984955 0.000000
2.030586 0.000000
2.076217 0.000000
2.121848 0.000000
2.167479 0.000000
2.213111 0.000000
2.258742 0.000000
2.304373 0.000000
2.350004 0.000000
2.395635 0.000000
2.441266 0.000000
2.486897 0.000000
2.532529 0.000000
2.578160 0.000000
2.623791 0.001357
2.669422 0.007351
2.715053 0.016716
2.760684 0.021921
2.806315 0.062450
2.851947 0.097780
2.897578 0.167244
2.943209 0.199347
2.988840 0.231941
3.034471 0.289781
3.080102 0.389258
3.125733 0.442806
3.171365 0.489298
3.216996 0.567441
3.262627 0.635815
3.308258 0.749642
3.353889 0.909893
3.399520 0.921546
3.445151 0.839428
3.490783 0.877351
3.536414 0.935634
3.582045 1.104349
3.627676 1.137018
3.673307 1.087138
3.718938 1.148815
3.764569 1.100024
3.810201 1.085995
3.855832 1.180202
3.901463 1.181061
3.947094 1.127818
3.992725 1.162825
4.038356 1.164483
4.083987 1.112999
4.129619 1.129840
4.175250 1.106216
4.220881 1.060072
4.266512 1.029779
4.312143 0.991367
4.357774 0.995595
4.403405 1.043027
4.449037 1.031343
4.494668 1.013886
4.540299 0.979313
4.585930 0.915533
4.631561 0.927753
4.677192 0.833391
4.722823 0.853866
4.768455 0.901918
4.814086 0.935799
4.859717 0.886177
4.905348 0.878048
4.950979 0.907818
4.996610 0.808863
5.042241 0.770086
5.087873 0.780004
5.133504 0.722400
5.179135 0.661599
5.224766 0.714330
5.270397 0.675823
5.316028 0.616371
5.361659 0.674334
5.407291 0.699637
5.452922 0.708380
5.498553 0.699791
5.544184 0.639619
5.589815 0.544032
5.635446 0.551669
5.681077 0.551260
5.726709 0.600551
5.772340 0.703659
5.817971 0.602194
5.863602 0.482436
5.909233 0.563100
5.954864 0.556224
6.000496 0.518611
6.046127 0.551797
6.091758 0.595937
6.137389 0.540111
6.183020 0.434506
6.228651 0.448556
6.274282 0.452165
6.319914 0.473013
6.365545 0.485197
6.411176 0.492762
6.456807 0.437088
6.502438 0.402122
6.548069 0.457036
6.593700 0.477965
6.639332 0.431798
6.684963 0.399992
6.730594 0.409691
6.776225 0.413405
6.821856 0.437794
6.867487 0.435381
6.913118 0.444081
6.958750 0.444980
7.004381 0.440123
7.050012 0.466482
7.095643 0.452877
7.141274 0.433950
7.186905 0.393810
7.232536 0.386389
7.278168 0.409799
7.323799 0.617498
7.369430 1.022633
7.415061 1.042486
7.460692 0.614827
7.506323 0.425379
7.551954 0.366886
7.597586 0.333501
7.643217 0.351969
7.688848 0.345300
7.734479 0.343080
7.780110 0.348381
7.825741 0.322162
7.871372 0.325978
7.917004 0.344586
7.962635 0.361620
8.008266 0.355358
8.053897 0.347507
8.099528 0.320823
8.145159 0.315243
8.190790 0.328266
8.236422 0.316243
8.282053 0.319862
8.327684 0.362273
8.373315 0.341688
8.418946 0.318481
8.464577 0.287311
8.510208 0.316170
8.555840 0.302009
8.601471 0.269100
8.647102 0.294762
8.692733 0.299671
8.738364 0.305201
8.783995 0.256679
8.829626 0.255644
8.875258 0.282493
8.920889 0.282599
8.966520 0.258858
9.012151 0.253183
9.057782 0.254589
9.103413 0.253168
9.149044 0.288010
9.194676 0.287127
9.240307 0.258111
9.285938 0.257835
9.331569 0.231483
9.377200 0.244913
9.422831 0.272096
9.468462 0.272279
9.514094 0.288261
9.559725 0.265230
9.605356 0.259935
9.650987 0.271758
9.696618 0.279718
9.742249 0.253201
9.787880 0.257305
9.833512 0.268402
9.879143 0.258820
9.924774 0.263155
9.970405 0.241347
10.016036 0.241715
10.061667 0.263564
10.107299 0.272680
10.152930 0.285302
10.198561 0.299445
10.244192 0.282776
10.289823 0.254974
10.335454 0.258890
10.381085 0.268663
10.426717 0.281689
10.472348 0.259071
10.517979 0.259124
10.563610 0.262581
10.609241 0.217228
10.654872 0.237789
10.700503 0.299946
10.746135 0.298435
10.791766 0.294308
10.837397 0.316707
10.883028 0.316408
10.928659 0.330645
10.974290 0.313213
11.019921 0.338212
11.065553 0.360865
11.111184 0.329229
11.156815 0.341896
11.202446 0.381433
11.248077 0.378696
11.293708 0.369514
11.339339 0.359650
11.384971 0.353007
11.430602 0.308878
11.476233 0.314796
11.521864 0.405533
11.567495 0.376697
11.613126 0.341341
11.658757 0.365716
11.704389 0.392055
11.750020 0.419762
11.795651 0.432329
11.841282 0.474393
11.886913 0.477039
11.932544 0.459434
11.978175 0.468954
12.023807 0.517639
12.069438 0.507822
12.115069 0.484436
12.160700 0.552248
12.206331 0.550418
12.251962 0.585292
12.297593 0.621785
12.343225 0.623249
12.388856 0.624390
12.434487 0.658663
12.480118 0.671904
12.525749 0.691227
12.571380 0.726852
12.617011 0.772047
12.662643 0.864595
12.708274 0.945468
12.753905 1.053142
12.799536 1.084590
12.845167 1.023724
12.890798 1.023694
12.936429 1.014742
12.982061 1.022259
13.027692 1.095250
13.073323 1.174519
13.118954 1.174274
13.164585 1.186946
13.210216 1.241027
13.255847 1.329465
13.301479 1.451883
13.347110 1.583968
13.392741 1.693395
13.438372 1.717512
13.484003 1.672910
13.529634 1.673956
13.575265 1.710694
13.620897 1.784806
13.666528 1.843824
13.712159 1.946257
13.757790 2.033987
13.803421 2.083508
13.849052 2.154070
13.894683 2.174038
13.940315 2.210273
13.985946 2.301830
14.031577 2.303784
14.077208 2.295686
14.122839 2.426642
14.168470 2.476879
14.214102 2.479688
14.259733 2.548010
14.305364 2.565598
14.350995 2.550222
14.396626 2.603349
14.442257 2.700109
14.487888 2.737350
14.533520 2.830508
14.579151 2.897314
14.624782 2.878955
14.670413 2.916109
14.716044 2.880676
14.761675 2.841390
14.807306 2.827986
14.852938 2.834952
14.898569 2.777870
14.944200 2.718187
14.989831 2.746305
15.035462 2.789937
15.081093 2.821474
15.126724 2.840807
15.172356 2.860862
15.217987 2.894327
15.263618 2.944763
15.309249 3.015064
15.354880 3.173059
15.400511 3.157082
15.446142 2.960347
15.491774 2.834707
15.537405 2.691367
15.583036 2.613451
15.628667 2.547181
15.674298 2.400700
15.719929 2.348617
15.765560 2.314222
15.811192 2.271057
15.856823 2.212087
15.902454 2.175308
15.948085 2.057384
15.993716 1.961782
16.039347 1.916520
16.084978 1.906559
16.130610 1.902526
16.176241 1.778808
16.221872 1.704894
16.267503 1.636576
16.313134 1.531072
16.358765 1.520303
16.404396 1.521068
16.450028 1.460510
16.495659 1.389505
16.541290 1.280319
16.586921 1.261605
16.632552 1.338506
16.678183 1.352064
16.723814 1.194871
16.769446 1.077092
16.815077 1.030391
16.860708 1.041615
16.906339 1.023295
16.951970 0.910743
16.997601 0.885923
17.043232 0.876768
17.088864 0.852320
17.134495 0.780195
17.180126 0.752444
17.225757 0.767714
17.271388 0.740052
17.317019 0.700024
17.362650 0.699981
17.408282 0.669489
17.453913 0.664264
17.499544 0.630386
17.545175 0.544557
17.590806 0.557462
17.636437 0.592304
17.682068 0.621820
17.727700 0.789454
17.773331 1.270889
17.818962 3.093049
17.864593 9.560145
17.910224 25.538502
17.955855 28.803106
18.001487 14.303591
18.047118 4.256576
18.092749 1.417599
18.138380 0.700858
18.184011 0.472334
18.229642 0.376137
18.275273 0.356232
18.320905 0.323919
18.366536 0.300551
18.412167 0.282081
18.457798 0.275795
18.503429 0.322910
18.549060 0.390739
18.594691 0.388535
18.640323 0.311891
18.685954 0.225560
18.731585 0.203471
18.777216 0.200510
18.822847 0.187708
18.868478 0.177744
18.914109 0.166584
18.959741 0.161619
19.005372 0.140348
19.051003 0.141676
19.096634 0.141965
19.142265 0.126997
19.187896 0.107726
19.233527 0.144740
19.279159 0.167161
19.324790 0.148332
19.370421 0.130783
19.416052 0.136052
19.461683 0.169997
19.507314 0.185671
19.552945 0.191045
19.598577 0.181165
19.644208 0.167406
19.689839 0.152298
19.735470 0.109016
19.781101 0.090296
19.826732 0.111786
19.872363 0.130032
19.917995 0.130611
19.963626 0.149138
20.009257 0.152480
20.054888 0.112864
20.100519 0.087733
20.146150 0.082165
20.191781 0.069942
20.237413 0.072472
20.283044 0.075219
20.328675 0.070791
20.374306 0.065212
20.419937 0.068440
20.465568 0.078429
20.511199 0.062050
20.556831 0.053325
20.602462 0.078700
20.648093 0.108922
20.693724 0.131140
20.739355 0.099669
20.784986 0.070538
20.830617 0.054371
20.876249 0.050812
20.921880 0.040400
20.967511 0.038662
21.013142 0.030518
21.058773 0.035742
21.104404 0.050611
21.150035 0.055961
21.195667 0.056733
21.241298 0.052236
21.286929 0.054795
21.332560 0.052259
21.378191 0.053625
21.423822 0.047185
21.469453 0.043764
21.515085 0.044248
21.560716 0.041363
21.606347 0.038236
21.651978 0.043014
21.697609 0.040963
21.743240 0.041271
21.788871 0.043479
21.834503 0.042840
21.880134 0.045743
21.925765 0.029654
21.971396 0.029234
22.017027 0.031037
22.062658 0.035830
22.108290 0.033801
22.153921 0.025677
22.199552 0.020965
22.245183 0.020034
22.290814 0.028937
22.336445 0.032929
22.382076 0.033708
22.427708 0.024633
22.473339 0.029220
22.518970 0.033252
22.564601 0.028266
22.610232 0.031331
22.655863 0.031679
22.701494 0.028268
22.747126 0.025332
22.792757 0.019419
22.838388 0.014143
22.884019 0.013697
22.929650 0.013438
22.975281 0.015474
23.020912 0.016985
23.066544 0.017230
23.112175 0.022599
23.157806 0.021197
23.203437 0.022730
23.249068 0.022126
23.294699 0.014854
23.340330 0.017125
23.385962 0.021095
23.431593 0.024179
23.477224 0.027490
23.522855 0.025101
23.568486 0.019161
23.614117 0.019718
23.659748 0.022308
23.705380 0.022418
23.751011 0.018243
23.796642 0.014303
23.842273 0.021742
23.887904 0.025365
23.933535 0.023093
23.979166 0.020936
24.024798 0.022007
24.070429 0.027924
24.116060 0.030382
24.161691 0.043345
24.207322 0.093759
24.252953 0.251535
24.298584 0.842702
24.344216 3.391752
24.389847 13.447400
24.435478 38.033825
24.481109 48.075798
24.526740 26.085621
24.572371 6.900628
24.618002 1.643733
24.663634 0.435979
24.709265 0.150415
24.754896 0.064992
24.800527 0.030256
24.846158 0.022154
24.891789 0.021025
24.937420 0.019513
24.983052 0.015148
25.028683 0.013861
25.074314 0.018850
25.119945 0.019170
25.165576 0.015521
25.211207 0.014432
25.256838 0.013447
25.302470 0.012113
25.348101 0.012099
25.393732 0.022013
25.439363 0.041738
25.484994 0.101801
25.530625 0.352817
25.576256 1.031013
25.621888 1.458964
25.667519 0.815095
25.713150 0.258906
25.758781 0.082364
25.804412 0.031506
25.850043 0.010324
25.895675 0.010285
25.941306 0.008594
25.986937 0.010634
26.032568 0.028190
26.078199 0.158450
26.123830 0.879193
26.169461 3.940296
26.215093 10.503615
26.260724 11.588758
26.306355 5.035756
26.351986 1.166068
26.397617 0.210065
26.443248 0.040834
26.488879 0.012339
26.534511 0.007997
26.580142 0.006127
26.625773 0.005097
26.671404 0.004098
26.717035 0.008508
26.762666 0.010636
26.808297 0.008904
26.853929 0.005731
26.899560 0.008227
26.945191 0.010735
26.990822 0.005904
27.036453 0.006295
27.082084 0.007331
27.127715 0.004500
27.173347 0.003723
27.218978 0.006105
27.264609 0.004262
27.310240 0.003554
27.355871 0.006422
27.401502 0.012686
27.447133 0.007649
27.492765 0.002088
27.538396 0.004551
27.584027 0.005870
27.629658 0.005222
27.675289 0.011119
27.720920 0.007972
27.766551 0.003330
27.812183 0.003185
27.857814 0.003957
27.903445 0.004573
27.949076 0.004508
27.994707 0.002867
28.040338 0.003556
28.085969 0.009972
28.131601 0.012966
28.177232 0.006319
28.222863 0.004397
28.268494 0.005309
28.314125 0.003709
28.359756 0.005605
28.405387 0.006041
28.451019 0.005615
28.496650 0.005757
28.542281 0.004818
28.587912 0.004248
28.633543 0.005266
28.679174 0.005991
28.724805 0.026795
28.770437 0.133313
28.816068 0.302437
28.861699 0.228024
28.907330 0.054896
28.952961 0.010942
28.998592 0.008177
29.044223 0.008495
29.089855 0.005416
29.135486 0.004818
29.181117 0.004963
29.226748 0.003011
29.272379 0.002099
29.318010 0.003292
29.363641 0.007660
29.409273 0.007961
29.454904 0.005341
29.500535 0.007407
29.546166 0.007571
29.591797 0.011203
29.637428 0.022981
29.683059 0.070644
29.728691 0.234093
29.774322 0.964890
29.819953 4.324259
29.865584 17.332451
29.911215 43.541904
29.956846 46.931381
30.002478 21.949198
30.048109 5.607864
30.093740 1.236413
30.139371 0.267588
30.185002 0.060780
30.230633 0.012473
30.276264 0.007242
30.321896 0.005600
30.367527 0.003582
30.413158 0.004295
30.458789 0.002003
30.504420 0.005783
30.550051 0.009589
30.595682 0.005744
30.641314 0.003728
30.686945 0.006400
30.732576 0.005281
30.778207 0.005101
30.823838 0.008972
30.869469 0.018205
30.915100 0.031607
30.960732 0.021599
31.006363 0.008279
31.051994 0.004839
31.097625 0.004787
31.143256 0.003681
31.188887 0.003973
31.234518 0.006164
31.280150 0.006782
31.325781 0.003595
31.371412 0.002752
31.417043 0.003090
31.462674 0.001444
31.508305 0.000884
31.553936 0.003387
31.599568 0.005081
31.645199 0.009681
31.690830 0.052315
31.736461 0.175368
31.782092 0.334741
31.827723 0.220590
31.873354 0.041049
31.918986 0.005371
31.964617 0.004472
32.010248 0.001365
32.055879 0.001065
32.101510 0.001510
32.147141 0.001621
32.192772 0.003990
32.238404 0.005041
32.284035 0.003992
32.329666 0.002204
32.375297 0.001795
32.420928 0.002209
32.466559 0.002750
32.512190 0.002899
32.557822 0.001881
32.603453 0.001673
32.649084 0.001981
32.694715 0.004329
32.740346 0.002542
32.785977 0.000117
32.831608 0.001502
32.877240 0.001604
32.922871 0.001406
32.968502 0.001097
33.014133 0.000205
33.059764 0.002338
33.105395 0.004904
33.151026 0.003816
33.196658 0.001362
33.242289 0.000554
33.287920 0.001011
33.333551 0.001673
33.379182 0.004897
33.424813 0.004295
33.470444 0.002817
33.516076 0.003034
33.561707 0.004047
33.607338 0.004764
33.652969 0.002506
33.698600 0.000639
33.744231 0.000656
33.789862 0.002114
33.835494 0.003225
33.881125 0.002087
33.926756 0.002525
33.972387 0.002097
34.018018 0.003146
34.063649 0.002389
34.109281 0.001176
34.154912 0.001733
34.200543 0.001675
34.246174 0.002082
34.291805 0.001082
34.337436 0.000007
34.383067 0.000852
34.428699 0.002296
34.474330 0.001890
34.519961 0.001280
34.565592 0.002218
34.611223 0.003800
34.656854 0.003716
34.702485 0.001827
34.748117 0.000810
34.793748 0.001196
34.839379 0.001300
34.885010 0.000887
34.930641 0.000555
34.976272 0.000464
35.021903 0.002110
35.067535 0.002133
35.113166 0.001881
35.158797 0.002552
35.204428 0.003042
35.250059 0.001961
35.295690 0.000893
35.341321 0.000838
35.386953 0.001118
35.432584 0.000750
35.478215 0.000528
35.523846 0.001164
35.569477 0.000805
35.615108 0.004723
35.660739 0.029676
35.706371 0.198552
35.752002 1.088433
35.797633 4.901789
35.843264 14.928310
35.888895 20.681377
35.934526 12.676053
35.980157 3.922023
36.025789 0.804187
36.071420 0.151614
36.117051 0.031520
36.162682 0.008469
36.208313 0.003244
36.253944 0.003701
36.299575 0.004348
36.345207 0.003033
36.390838 0.001862
36.436469 0.000679
36.482100 0.001020
36.527731 0.000953
36.573362 0.002107
36.618993 0.002330
36.664625 0.001605
36.710256 0.000912
36.755887 0.002051
36.801518 0.003915
36.847149 0.001230
36.892780 0.000342
36.938411 0.001683
36.984043 0.002954
37.029674 0.002060
37.075305 0.003757
37.120936 0.004679
37.166567 0.001942
37.212198 0.002412
37.257829 0.002777
37.303461 0.001628
37.349092 0.001031
37.394723 0.000796
37.440354 0.001165
37.485985 0.001887
37.531616 0.001359
37.577247 0.002252
37.622879 0.003066
37.668510 0.003566
37.714141 0.001867
37.759772 0.000952
37.805403 0.003107
37.851034 0.005887
37.896666 0.004641
37.942297 0.003406
37.987928 0.002795
38.033559 0.001968
38.079190 0.001429
38.124821 0.001299
38.170452 0.001045
38.216084 0.001586
38.261715 0.002090
38.307346 0.002278
38.352977 0.002810
38.398608 0.002173
38.444239 0.002422
38.489870 0.002345
38.535502 0.005064
38.581133 0.006175
38.626764 0.005146
38.672395 0.008119
38.718026 0.028894
38.763657 0.128306
38.809288 0.594298
38.854920 2.721772
38.900551 11.405366
38.946182 33.194164
38.991813 46.266670
39.037444 30.284830
39.083075 9.069912
39.128706 2.166318
39.174338 0.441119
39.219969 0.103303
39.265600 0.034003
39.311231 0.013543
39.356862 0.006392
39.402493 0.004011
39.448124 0.003530
39.493756 0.003248
39.539387 0.001310
39.585018 0.000478
39.630649 0.001247
39.676280 0.001283
39.721911 0.002012
39.767542 0.001661
39.813174 0.000282
39.858805 0.001080
39.904436 0.002674
39.950067 0.002170
39.995698 0.007760
40.041329 0.035250
40.086960 0.129374
40.132592 0.341868
40.178223 0.469413
40.223854 0.319841
40.269485 0.156716
40.315116 0.322313
40.360747 0.647617
40.406378 0.490067
40.452010 0.130887
40.497641 0.011817
40.543272 0.003049
40.588903 0.001385
40.634534 0.000646
40.680165 0.001088
40.725796 0.001605
40.771428 0.001622
40.817059 0.003017
40.862690 0.002892
40.908321 0.000892
40.953952 0.001028
40.999583 0.000716
41.045214 0.000785
41.090846 0.017797
41.136477 0.204136
41.182108 0.854161
41.227739 1.811131
41.273370 2.845450
41.319001 3.432217
41.364632 2.194730
41.410264 0.599387
41.455895 0.081541
41.501526 0.012257
41.547157 0.002809
41.592788 0.001212
41.638419 0.001583
41.684050 0.000834
41.729682 0.000491
41.775313 0.001115
41.820944 0.001293
41.866575 0.001494
41.912206 0.001637
41.957837 0.002042
42.003469 0.000818
42.049100 0.000345
42.094731 0.001591
42.140362 0.002982
42.185993 0.001673
42.231624 0.001182
42.277255 0.001516
42.322887 0.001634
42.368518 0.001322
42.414149 0.001467
42.459780 0.000801
42.505411 0.001560
42.551042 0.001465
42.596673 0.002380
42.642305 0.003983
42.687936 0.002714
42.733567 0.001563
42.779198 0.000847
42.824829 0.002581
42.870460 0.004722
42.916091 0.002554
42.961723 0.001393
43.007354 0.001484
43.052985 0.002559
43.098616 0.002727
43.144247 0.001411
43.189878 0.001011
43.235509 0.002032
43.281141 0.001520
43.326772 0.002527
43.372403 0.005373
43.418034 0.004669
43.463665 0.004314
43.509296 0.003743
43.554927 0.008001
43.600559 0.032776
43.646190 0.103449
43.691821 0.219282
43.737452 0.215551
43.783083 0.103938
43.828714 0.030678
43.874345 0.009660
43.919977 0.005224
43.965608 0.003757
44.011239 0.003905
44.056870 0.002539
44.102501 0.001590
44.148132 0.002629
44.193763 0.005545
44.239395 0.023352
44.285026 0.118378
44.330657 0.750634
44.376288 3.825255
44.421919 10.434834
44.467550 13.319238
44.513181 7.776317
44.558813 2.131498
44.604444 0.338122
44.650075 0.036839
44.695706 0.006075
44.741337 0.002195
44.786968 0.002476
44.832599 0.003668
44.878231 0.002670
44.923862 0.002840
44.969493 0.003962
45.015124 0.004866
45.060755 0.004219
45.106386 0.002851
45.152017 0.002686
45.197649 0.007450
45.243280 0.042960
45.288911 0.307771
45.334542 1.554383
45.380173 6.304258
45.425804 15.946657
45.471435 18.899092
45.517067 10.171893
45.562698 3.022574
45.608329 0.629732
45.653960 0.105319
45.699591 0.021180
45.745222 0.015107
45.790854 0.008940
45.836485 0.004810
45.882116 0.002475
45.927747 0.003426
45.973378 0.003748
46.019009 0.001205
46.064640 0.000440
46.110272 0.000727
46.155903 0.001280
46.201534 0.001260
46.247165 0.001826
46.292796 0.000723
46.338427 0.000787
46.384058 0.001973
46.429690 0.003209
46.475321 0.002298
46.520952 0.002129
46.566583 0.001355
46.612214 0.006021
46.657845 0.051482
46.703476 0.182507
46.749108 0.247773
46.794739 0.118447
46.840370 0.019965
46.886001 0.002007
46.931632 0.000752
46.977263 0.000321
47.022894 0.000668
47.068526 0.001349
47.114157 0.001838
47.159788 0.001704
47.205419 0.002689
47.251050 0.002494
47.296681 0.002745
47.342312 0.002058
47.387944 0.000917
47.433575 0.000818
47.479206 0.000462
47.524837 0.000885
47.570468 0.002526
47.616099 0.002913
47.661730 0.001364
47.707362 0.001678
47.752993 0.001463
47.798624 0.000470
47.844255 0.000328
47.889886 0.000738
47.935517 0.001405
47.981148 0.002882
48.026780 0.002026
48.072411 0.000950
48.118042 0.001574
48.163673 0.001944
48.209304 0.001849
48.254935 0.002678
48.300566 0.002607
48.346198 0.002044
48.391829 0.001501
48.437460 0.002259
48.483091 0.001662
48.528722 0.001820
48.574353 0.001845
48.619984 0.001426
48.665616 0.001583
48.711247 0.001475
48.756878 0.001902
48.802509 0.003062
48.848140 0.037429
48.893771 0.230713
48.939402 0.511343
48.985034 0.455335
49.030665 0.164051
49.076296 0.023290
49.121927 0.004326
49.167558 0.001413
49.213189 0.001304
49.258820 0.001710
49.304452 0.001890
49.350083 0.001877
49.395714 0.001515
49.441345 0.001018
49.486976 0.000597
49.532607 0.000766
49.578238 0.000993
49.623870 0.001415
49.669501 0.001434
49.715132 0.001322
49.760763 0.001936
49.806394 0.001931
49.852025 0.002014
49.897657 0.001529
49.943288 0.002022
49.988919 0.002367
50.034550 0.003511
50.080181 0.002278
50.125812 0.001683
50.171443 0.008347
50.217075 0.071924
50.262706 0.481221
50.308337 2.305596
50.353968 6.269152
50.399599 8.281450
50.445230 5.135297
50.490861 2.039911
50.536493 2.326332
50.582124 4.062556
50.627755 3.616668
50.673386 1.461088
50.719017 0.274133
50.764648 0.034490
50.810279 0.004032
50.855911 0.001179
50.901542 0.000919
50.947173 0.000896
50.992804 0.001153
51.038435 0.001264
51.084066 0.001543
51.129697 0.000974
51.175329 0.000984
51.220960 0.001263
51.266591 0.002762
51.312222 0.003412
51.357853 0.002912
51.403484 0.001232
51.449115 0.000924
51.494747 0.000920
51.540378 0.001054
51.586009 0.001150
51.631640 0.002006
51.677271 0.001195
51.722902 0.000483
51.768533 0.000015
51.814165 0.000000
51.859796 0.000223
51.905427 0.000993
51.951058 0.001568
51.996689 0.001680
52.042320 0.001585
52.087951 0.001809
52.133583 0.000968
52.179214 0.000098
52.224845 0.002039
52.270476 0.036630
52.316107 0.121129
52.361738 0.245156
52.407369 0.742691
52.453001 2.147766
52.498632 3.092966
52.544263 2.149451
52.589894 0.695120
52.635525 0.123724
52.681156 0.020905
52.726787 0.003478
52.772419 0.000448
52.818050 0.000390
52.863681 0.000264
52.909312 0.000710
52.954943 0.000955
53.000574 0.000723
53.046205 0.000740
53.091837 0.000154
53.137468 0.000082
53.183099 0.000572
53.228730 0.001018
53.274361 0.000663
53.319992 0.000484
53.365623 0.000000
53.411255 0.000581
53.456886 0.000750
53.502517 0.000061
53.548148 0.000351
53.593779 0.000350
53.639410 0.000341
53.685041 0.001745
53.730673 0.013614
53.776304 0.062195
53.821935 0.137319
53.867566 0.139554
53.913197 0.056020
53.958828 0.009326
54.004460 0.000777
54.050091 0.000000
54.095722 0.000345
54.141353 0.000708
54.186984 0.001099
54.232615 0.001468
54.278246 0.003689
54.323878 0.058864
54.369509 0.400799
54.415140 1.097927
54.460771 1.237282
54.506402 0.582767
54.552033 0.093336
54.597664 0.003314
54.643296 0.000159
54.688927 0.000913
54.734558 0.000332
54.780189 0.003325
54.825820 0.012235
54.871451 0.022325
54.917082 0.009723
54.962714 0.002231
55.008345 0.000747
55.053976 0.000522
55.099607 0.000686
55.145238 0.000479
55.190869 0.009605
55.236500 0.013871
55.282132 0.005073
55.327763 0.004006
55.373394 0.090581
55.419025 0.578946
55.464656 1.442126
55.510287 1.989329
55.555918 1.681969
55.601550 0.845387
55.647181 0.197922
55.692812 0.024135
55.738443 0.002101
55.784074 0.000522
55.829705 0.000699
55.875336 0.000368
55.920968 0.000000
55.966599 0.000000
56.012230 0.000000
56.057861 0.000012
56.103492 0.000617
56.149123 0.000615
56.194754 0.000000
56.240386 0.000669
56.286017 0.001226
56.331648 0.000504
56.377279 0.000081
56.422910 0.000000
56.468541 0.000000
56.514172 0.000000
56.559804 0.000000
56.605435 0.002118
56.651066 0.023788
56.696697 0.198440
56.742328 0.973216
56.787959 2.563985
56.833590 3.145585
56.879222 1.829332
56.924853 0.500631
56.970484 0.068206
57.016115 0.005194
57.061746 0.000629
57.107377 0.005557
57.153008 0.004181
57.198640 0.000090
57.244271 0.000329
57.289902 0.000191
57.335533 0.000000
57.381164 0.000000
57.426795 0.000000
57.472426 0.000000
57.518058 0.004588
57.563689 0.041860
57.609320 0.240278
57.654951 0.579932
57.700582 0.610088
57.746213 0.286026
57.791845 0.132449
57.837476 0.516645
57.883107 1.600400
57.928738 2.412482
57.974369 1.660025
58.020000 0.512516
58.065631 0.067184
58.111263 0.005462
58.156894 0.000635
58.202525 0.000545
58.248156 0.000429
58.293787 0.000330
58.339418 0.000000
58.385049 0.000000
58.430681 0.000000
58.476312 0.000123
58.521943 0.000575
58.567574 0.000773
58.613205 0.000478
58.658836 0.000312
58.704467 0.000390
58.750099 0.000343
58.795730 0.000043
58.841361 0.000014
58.886992 0.000641
58.932623 0.000531
58.978254 0.000000
59.023885 0.000000
59.069517 0.000000
59.115148 0.000000
59.160779 0.000062
59.206410 0.000498
59.252041 0.003136
59.297672 0.016023
59.343303 0.028388
59.388935 0.025393
59.434566 0.010629
59.480197 0.001671
59.525828 0.000355
59.571459 0.004240
59.617090 0.014066
59.662721 0.029872
59.708353 0.050365
59.753984 0.189651
59.799615 1.064984
59.845246 3.532635
59.890877 6.239406
59.936508 5.433436
59.982139 2.378055
60.027771 0.532888
60.073402 0.069091
60.119033 0.005250
60.164664 0.000196
60.210295 0.000313
60.255926 0.000118
60.301557 0.000018
60.347189 0.000309
60.392820 0.000251
60.438451 0.000138
60.484082 0.000378
60.529713 0.000061
60.575344 0.000000
60.620975 0.000000
60.666607 0.000000
60.712238 0.000000
60.757869 0.000000
60.803500 0.000000
60.849131 0.000314
60.894762 0.000260
60.940393 0.000000
60.986025 0.000436
61.031656 0.003806
61.077287 0.001929
61.122918 0.000576
61.168549 0.000096
61.214180 0.001510
61.259811 0.015241
61.305443 0.116865
61.351074 0.378002
61.396705 0.504683
61.442336 0.298187
61.487967 0.074103
61.533598 0.007017
61.579229 0.000085
61.624861 0.000000
61.670492 0.000000
61.716123 0.000000
61.761754 0.000194
61.807385 0.000702
61.853016 0.000267
61.898648 0.000000
61.944279 0.000000
61.989910 0.000000
62.035541 0.000000
62.081172 0.000000
62.126803 0.000000
62.172434 0.000000
62.218066 0.000000
62.263697 0.000185
62.309328 0.000714
62.354959 0.000796
62.400590 0.008824
62.446221 0.088219
62.491852 0.581878
62.537484 2.222116
62.583115 4.354033
62.628746 4.397460
62.674377 2.144742
62.720008 0.510557
62.765639 0.064824
62.811270 0.005702
62.856902 0.000000
62.902533 0.000264
62.948164 0.000330
62.993795 0.000000
63.039426 0.000000
63.085057 0.000000
63.130688 0.000000
63.176320 0.000000
63.221951 0.000027
63.267582 0.002801
63.313213 0.016674
63.358844 0.034422
63.404475 0.031347
63.450106 0.024572
63.495738 0.092621
63.541369 0.339303
63.587000 0.619559
63.632631 0.535750
63.678262 0.236109
63.723893 0.040122
63.769524 0.003397
63.815156 0.000000
63.860787 0.000129
63.906418 0.000401
63.952049 0.000129
63.997680 0.000609
64.043311 0.000832
64.088942 0.000208
64.134574 0.003225
64.180205 0.007941
64.225836 0.004442
64.271467 0.000608
64.317098 0.000000
64.362729 0.000000
64.408360 0.000000
64.453992 0.000077
64.499623 0.000359
64.545254 0.000221
64.590885 0.000000
64.636516 0.000313
64.682147 0.000407
64.727778 0.000015
64.773410 0.024711
64.819041 0.024442
64.864672 0.000000
64.910303 0.000039
64.955934 0.000403
65.001565 0.000243
65.047196 0.000000
65.092828 0.000000
65.138459 0.000000
65.184090 0.000000
65.229721 0.000000
65.275352 0.000000
65.320983 0.000000
65.366614 0.000000
65.412246 0.000000
65.457877 0.000000
65.503508 0.000000
65.549139 0.000008
65.594770 0.000379
65.640401 0.000329
65.686033 0.000000
65.731664 0.000000
65.777295 0.000000
65.822926 0.000000
65.868557 0.000040
65.914188 0.000405
65.959819 0.000283
66.005451 0.005247
66.051082 0.004205
66.096713 0.000113
66.142344 0.001272
66.187975 0.010811
66.233606 0.024442
66.279237 0.021349
66.324869 0.011753
66.370500 0.009310
66.416131 0.006298
66.461762 0.001132
66.507393 0.000000
66.553024 0.000000
66.598655 0.000000
66.644287 0.000000
66.689918 0.005275
66.735549 0.070844
66.781180 0.307538
66.826811 0.498429
66.872442 0.405130
66.918073 0.222369
66.963705 0.161248
67.009336 0.085638
67.054967 0.024539
67.100598 0.001728
67.146229 0.000015
67.191860 0.000000
67.237491 0.000000
67.283123 0.000000
67.328754 0.000000
67.374385 0.000000
67.420016 0.000000
67.465647 0.000000
67.511278 0.000000
67.556909 0.000000
67.602541 0.000000
67.648172 0.000000
67.693803 0.000000
67.739434 0.000000
67.785065 0.000000
67.830696 0.000000
67.876327 0.001773
67.921959 0.020458
67.967590 0.111652
68.013221 0.242385
68.058852 0.242349
68.104483 0.108220
68.150114 0.015875
68.195745 0.000287
68.241377 0.000000
68.287008 0.000000
68.332639 0.000000
68.378270 0.000000
68.423901 0.000000
68.469532 0.000000
68.515163 0.000000
68.560795 0.000000
68.606426 0.000000
68.652057 0.016847
68.697688 0.187439
68.743319 0.853180
68.788950 1.898068
68.834581 2.301671
68.880213 1.527864
68.925844 0.965406
68.971475 1.224195
69.017106 1.223854
69.062737 0.654610
69.108368 0.177849
69.153999 0.025551
69.199631 0.003812
69.245262 0.000021
69.290893 0.001617
69.336524 0.030368
69.382155 0.217864
69.427786 0.637093
69.473417 0.866719
69.519049 0.561350
69.564680 0.162879
69.610311 0.015569
69.655942 0.000330
69.701573 0.000000
69.747204 0.000000
69.792836 0.000000
69.838467 0.000000
69.884098 0.000000
69.929729 0.000000
69.975360 0.000000
70.020991 0.000000
70.066622 0.000000
70.112254 0.000000
70.157885 0.000000
70.203516 0.000000
70.249147 0.000983
70.294778 0.004861
70.340409 0.004562
70.386040 0.000601
70.431672 0.000000
70.477303 0.000000
70.522934 0.000000
70.568565 0.000000
70.614196 0.000000
70.659827 0.000000
70.705458 0.000000
70.751090 0.000000
70.796721 0.000927
70.842352 0.031750
70.887983 0.194060
70.933614 0.426119
70.979245 0.404598
71.024876 0.160136
71.070508 0.016990
71.116139 0.000317
71.161770 0.000000
71.207401 0.000000
71.253032 0.000000
71.298663 0.000000
71.344294 0.000000
71.389926 0.000000
71.435557 0.000000
71.481188 0.000000
71.526819 0.000000
71.572450 0.000000
71.618081 0.000000
71.663712 0.009319
71.709344 0.080949
71.754975 0.292811
71.800606 0.545614
71.846237 0.480079
71.891868 0.199297
71.937499 0.038090
71.983130 0.003850
72.028762 0.000000
72.074393 0.000000
72.120024 0.000000
72.165655 0.000000
72.211286 0.000000
72.256917 0.000123
72.302548 0.000704
72.348180 0.000445
72.393811 0.000000
72.439442 0.000000
72.485073 0.000000
72.530704 0.000000
72.576335 0.000633
72.621966 0.027266
72.667598 0.269986
72.713229 1.198047
72.758860 2.649043
72.804491 3.089574
72.850122 1.879871
72.895753 0.587888
72.941384 0.090825
72.987016 0.007577
73.032647 0.000138
73.078278 0.000000
73.123909 0.000000
73.169540 0.000000
73.215171 0.000000
73.260802 0.000388
73.306434 0.008059
73.352065 0.077373
73.397696 0.346667
73.443327 0.731495
73.488958 0.798816
73.534589 0.437635
73.580220 0.110769
73.625852 0.013921
73.671483 0.042864
73.717114 0.234476
73.762745 0.709363
73.808376 1.035688
73.854007 0.806593
73.899639 0.336656
73.945270 0.074424
73.990901 0.007837
74.036532 0.000022
74.082163 0.005570
74.127794 0.019513
74.173425 0.030501
74.219057 0.023283
74.264688 0.010247
74.310319 0.007744
74.355950 0.002003
74.401581 0.000000
74.447212 0.000000
74.492843 0.000000
74.538475 0.000000
74.584106 0.000000
74.629737 0.000000
74.675368 0.000000
74.720999 0.000000
74.766630 0.000000
74.812261 0.000000
74.857893 0.000000
74.903524 0.000000
74.949155 0.000000
74.994786 0.000000
75.040417 0.001728
75.086048 0.082259
75.131679 0.522186
75.177311 1.443154
75.222942 2.062111
75.268573 1.539361
75.314204 0.560619
75.359835 0.080712
75.405466 0.003352
75.451097 0.000000
75.496729 0.000000
75.542360 0.000000
75.587991 0.000000
75.633622 0.000000
75.679253 0.000496
75.724884 0.000900
75.770515 0.000281
75.816147 0.000000
75.861778 0.000000
75.907409 0.000000
75.953040 0.000000
75.998671 0.000000
76.044302 0.000000
76.089933 0.000000
76.135565 0.000000
76.181196 0.000000
76.226827 0.000000
76.272458 0.000000
76.318089 0.000000
76.363720 0.000609
76.409351 0.008567
76.454983 0.015476
76.500614 0.007991
76.546245 0.000602
76.591876 0.000442
76.637507 0.025118
76.683138 0.123751
76.728769 0.245395
76.774401 0.220612
76.820032 0.085637
76.865663 0.013119
76.911294 0.000234
76.956925 0.000000
77.002556 0.000000
77.048187 0.000000
77.093819 0.000000
77.139450 0.000000
77.185081 0.000000
77.230712 0.001169
77.276343 0.026576
77.321974 0.162842
77.367605 0.338554
77.413237 0.305219
77.458868 0.124615
77.504499 0.027822
77.550130 0.006713
77.595761 0.000000
77.641392 0.000000
77.687024 0.000000
77.732655 0.000000
77.778286 0.000000
77.823917 0.000000
77.869548 0.000000
77.915179 0.000000
77.960810 0.000000
78.006442 0.000613
78.052073 0.025728
78.097704 0.176888
78.143335 0.551446
78.188966 0.932567
78.234597 0.929757
78.280228 0.860612
78.325860 1.155169
78.371491 1.327549
78.417122 0.889199
78.462753 0.296188
78.508384 0.040574
78.554015 0.000000
78.599646 0.008355
78.645278 0.060765
78.690909 0.296508
78.736540 0.819125
78.782171 1.051895
78.827802 0.731711
78.873433 0.301926
78.919064 0.062871
78.964696 0.009691
79.010327 0.000491
79.055958 0.000000
79.101589 0.000000
79.147220 0.000000
79.192851 0.000000
79.238482 0.000000
79.284114 0.000000
79.329745 0.000000
79.375376 0.000000
79.421007 0.000000
79.466638 0.000000
79.512269 0.000000
79.557900 0.000000
79.603532 0.000000
79.649163 0.000000
79.694794 0.000000
79.740425 0.000000
79.786056 0.000000
79.831687 0.000000
79.877318 0.000000
79.922950 0.001436
79.968581 0.001608
80.014212 0.000000
80.059843 0.000000
80.105474 0.000000
80.151105 0.000000
80.196736 0.000000
80.242368 0.001300
80.287999 0.014778
80.333630 0.027810
80.379261 0.017592
80.424892 0.007314
80.470523 0.000000
80.516154 0.000000
80.561786 0.000000
80.607417 0.000000
80.653048 0.000000
80.698679 0.000904
80.744310 0.006606
80.789941 0.013189
80.835572 0.009205
80.881204 0.002084
80.926835 0.000000
80.972466 0.000000
81.018097 0.000000
81.063728 0.000000
81.109359 0.000000
81.154990 0.000000
81.200622 0.000000
81.246253 0.000000
81.291884 0.000000
81.337515 0.000000
81.383146 0.000000
81.428777 0.000000
81.474408 0.000000
81.520040 0.000000
81.565671 0.000000
81.611302 0.015285
81.656933 0.102335
81.702564 0.299988
81.748195 0.389851
81.793827 0.292083
81.839458 0.210721
81.885089 0.162925
81.930720 0.077194
81.976351 0.015646
82.021982 0.001086
82.067613 0.000000
82.113245 0.000000
82.158876 0.000000
82.204507 0.000000
82.250138 0.000299
82.295769 0.002057
82.341400 0.001427
82.387031 0.001396
82.432663 0.051405
82.478294 0.171300
82.523925 0.225082
82.569556 0.139413
82.615187 0.058156
82.660818 0.070968
82.706449 0.085541
82.752081 0.048180
82.797712 0.009960
82.843343 0.000000
82.888974 0.000000
82.934605 0.000000
82.980236 0.000000
83.025867 0.006983
83.071499 0.016947
83.117130 0.011170
83.162761 0.003330
83.208392 0.000341
83.254023 0.000000
83.299654 0.002321
83.345285 0.002114
83.390917 0.000000
83.436548 0.000000
83.482179 0.000000
83.527810 0.000000
83.573441 0.000000
83.619072 0.000000
83.664703 0.004511
83.710335 0.010799
83.755966 0.015845
83.801597 0.019929
83.847228 0.025064
83.892859 0.019450
83.938490 0.006071
83.984121 0.000807
84.029753 0.000000
84.075384 0.000000
84.121015 0.000000
84.166646 0.000000
84.212277 0.000000
84.257908 0.000000
84.303539 0.000000
84.349171 0.000000
84.394802 0.000000
84.440433 0.000000
84.486064 0.000000
84.531695 0.000000
84.577326 0.000000
84.622957 0.000000
84.668589 0.000175
84.714220 0.003398
84.759851 0.002753
84.805482 0.000000
84.851113 0.000000
84.896744 0.000000
84.942375 0.000000
84.988007 0.000000
85.033638 0.000000
85.079269 0.000000
85.124900 0.000000
85.170531 0.000000
85.216162 0.000000
85.261793 0.000000
85.307425 0.000000
85.353056 0.000000
85.398687 0.000000
85.444318 0.000000
85.489949 0.000000
85.535580 0.000000
85.581212 0.000000
85.626843 0.000000
85.672474 0.000000
85.718105 0.000000
85.763736 0.000000
85.809367 0.000000
85.854998 0.000324
85.900630 0.005388
85.946261 0.004170
85.991892 0.000000
86.037523 0.000000
86.083154 0.000000
86.128785 0.000000
86.174416 0.000000
86.220048 0.000439
86.265679 0.007288
86.311310 0.005648
86.356941 0.000000
86.402572 0.000000
86.448203 0.000000
86.493834 0.000000
86.539466 0.045946
86.585097 0.085238
86.630728 0.113442
86.676359 0.244797
86.721990 0.491385
86.767621 0.596838
86.813252 0.408681
86.858884 0.149519
86.904515 0.014066
86.950146 0.000000
86.995777 0.000000
87.041408 0.000000
87.087039 0.000000
87.132670 0.000000
87.178302 0.000000
87.223933 0.000000
87.269564 0.000000
87.315195 0.000000
87.360826 0.000000
87.406457 0.000000
87.452088 0.000000
87.497720 0.000000
87.543351 0.000000
87.588982 0.000000
87.634613 0.000000
87.680244 0.000000
87.725875 0.000000
87.771506 0.000000
87.817138 0.000000
87.862769 0.000000
87.908400 0.000000
87.954031 0.000000
87.999662 0.000000
88.045293 0.000000
88.090924 0.000000
88.136556 0.000000
88.182187 0.000000
88.227818 0.000000
88.273449 0.000000
88.319080 0.000000
88.364711 0.000000
88.410342 0.000000
88.455974 0.000000
88.501605 0.000000
88.547236 0.000000
88.592867 0.000000
88.638498 0.000000
88.684129 0.000000
88.729760 0.000000
88.775392 0.000000
88.821023 0.000000
88.866654 0.000000
88.912285 0.000000
88.957916 0.000000
89.003547 0.000000
89.049178 0.000000
89.094810 0.000000
89.140441 0.000000
89.186072 0.000000
89.231703 0.000000
89.277334 0.000000
89.322965 0.000000
89.368596 0.000000
89.414228 0.000000
89.459859 0.000000
89.505490 0.000000
89.551121 0.000000
89.596752 0.000000
89.642383 0.000000
89.688015 0.000000
89.733646 0.000000
89.779277 0.000000
89.824908 0.000000
89.870539 0.000000
89.916170 0.000000
89.961801 0.000000
90.007433 0.000000
90.053064 0.000000
90.098695 0.000000
90.144326 0.000000
90.189957 0.000000
90.235588 0.000000
90.281219 0.000000
90.326851 0.000000
90.372482 0.000000
90.418113 0.000000
90.463744 0.000000
90.509375 0.000000
90.555006 0.000000
90.600637 0.000000
90.646269 0.000000
90.691900 0.000000
90.737531 0.000000
90.783162 0.000000
90.828793 0.000000
90.874424 0.000000
90.920055 0.000000
90.965687 0.000000
91.011318 0.000000
91.056949 0.000000
91.102580 0.000000
91.148211 0.000000
91.193842 0.000000
91.239473 0.000000
