0.022816 0.000000
0.068447 0.000000
0.114078 0.000000
0.159709 0.000000
0.205340 0.000000
0.250971 0.000000
0.296602 0.000000
0.342234 0.000000
0.387865 0.000000
0.433496 0.000000
0.479127 0.000000
0.524758 0.000000
0.570389 0.000000
0.616020 0.000000
0.661652 0.000000
0.707283 0.000000
0.752914 0.000000
0.798545 0.000000
0.844176 0.000000
0.889807 0.000000
0.935438 0.000000
0.981070 0.000000
1.026701 0.000000
1.072332 0.000000
1.117963 0.000000
1.163594 0.000000
1.209225 0.000000
1.254856 0.000000
1.300488 0.000000
1.346119 0.000000
1.391750 0.000000
1.437381 0.000000
1.483012 0.000000
1.528643 0.000000
1.574274 0.000000
1.619906 0.000000
1.665537 0.000000
1.711168 0.000000
1.756799 0.000000
1.802430 0.000000
1.848061 0.000000
1.893692 0.000000
1.939324 0.000000
1.984955 0.000000
2.030586 0.000000
2.076217 0.000000
2.121848 0.000000
2.167479 0.000000
2.213111 0.000000
2.258742 0.000000
2.304373 0.000000
2.350004 0.000000
2.395635 0.000000
2.441266 0.000000
2.486897 0.000000
2.532529 0.000000
2.578160 0.000000
2.623791 0.000000
2.669422 0.000000
2.715053 0.009727
2.760684 0.024606
2.806315 0.053234
2.851947 0.091339
2.897578 0.138124
2.943209 0.158858
2.988840 0.209043
3.034471 0.293923
3.080102 0.285596
3.125733 0.388229
3.171365 0.497200
3.216996 0.515695
3.262627 0.484795
3.308258 0.533966
3.353889 0.694549
3.399520 0.855516
3.445151 0.976869
3.490783 0.995507
3.536414 1.004164
3.582045 0.987336
3.627676 1.130898
3.673307 1.141044
3.718938 1.145949
3.764569 1.203178
3.810201 1.126569
3.855832 1.085901
3.901463 1.123880
3.947094 1.103003
3.992725 1.156497
4.038356 1.173879
4.083987 1.072479
4.129619 1.002742
4.175250 0.977292
4.220881 1.022549
4.266512 1.034742
4.312143 0.970101
4.357774 1.032579
4.403405 1.024104
4.449037 0.947413
4.494668 0.908465
4.540299 0.932614
4.585930 0.861348
4.631561 0.835854
4.677192 0.849619
4.722823 0.890109
4.768455 0.866239
4.814086 0.857682
4.859717 0.816239
4.905348 0.688098
4.950979 0.658405
4.996610 0.688843
5.042241 0.675486
5.087873 0.745202
5.133504 0.637381
5.179135 0.547195
5.224766 0.605450
5.270397 0.606624
5.316028 0.667177
5.361659 0.770750
5.407291 0.705726
5.452922 0.553883
5.498553 0.533952
5.544184 0.561879
5.589815 0.584224
5.635446 0.579340
5.681077 0.593659
5.726709 0.573604
5.772340 0.513220
5.817971 0.461299
5.863602 0.428765
5.909233 0.408044
5.954864 0.394742
6.000496 0.399617
6.046127 0.419001
6.091758 0.422486
6.137389 0.428417
6.183020 0.421773
6.228651 0.395797
6.274282 0.391077
6.319914 0.383122
6.365545 0.410413
6.411176 0.387586
6.456807 0.360025
6.502438 0.361722
6.548069 0.387673
6.593700 0.429473
6.639332 0.399950
6.684963 0.381208
6.730594 0.358422
6.776225 0.372406
6.821856 0.373844
6.867487 0.409026
6.913118 0.426088
6.958750 0.378162
7.004381 0.364559
7.050012 0.327542
7.095643 0.326981
7.141274 0.403880
7.186905 0.393655
7.232536 0.413687
7.278168 0.425389
7.323799 0.549433
7.369430 1.029723
7.415061 1.119269
7.460692 0.648593
7.506323 0.389029
7.551954 0.357227
7.597586 0.317054
7.643217 0.296427
7.688848 0.345424
7.734479 0.376809
7.780110 0.321007
7.825741 0.283903
7.871372 0.325415
7.917004 0.348753
7.962635 0.329661
8.008266 0.310137
8.053897 0.323106
8.099528 0.316228
8.145159 0.280530
8.190790 0.281650
8.236422 0.343642
8.282053 0.339437
8.327684 0.340668
8.373315 0.302488
8.418946 0.262420
8.464577 0.248040
8.510208 0.245649
8.555840 0.268532
8.601471 0.298517
8.647102 0.291442
8.692733 0.263769
8.738364 0.241847
8.783995 0.244700
8.829626 0.247217
8.875258 0.279844
8.920889 0.281817
8.966520 0.267057
9.012151 0.254585
9.057782 0.276335
9.103413 0.283371
9.149044 0.239858
9.194676 0.255220
9.240307 0.231898
9.285938 0.230151
9.331569 0.274973
9.377200 0.306437
9.422831 0.275862
9.468462 0.252428
9.514094 0.241160
9.559725 0.247369
9.605356 0.241192
9.650987 0.250934
9.696618 0.254535
9.742249 0.210609
9.787880 0.201159
9.833512 0.219921
9.879143 0.236529
9.924774 0.276953
9.970405 0.254088
10.016036 0.218935
10.061667 0.219167
10.107299 0.217629
10.152930 0.249643
10.198561 0.244428
10.244192 0.254774
10.289823 0.244872
10.335454 0.227548
10.381085 0.231080
10.426717 0.262118
10.472348 0.269042
10.517979 0.268210
10.563610 0.246499
10.609241 0.228824
10.654872 0.253111
10.700503 0.270456
10.746135 0.277613
10.791766 0.247331
10.837397 0.227242
10.883028 0.242233
10.928659 0.265193
10.974290 0.263401
11.019921 0.237577
11.065553 0.250529
11.111184 0.298681
11.156815 0.335836
11.202446 0.327329
11.248077 0.305445
11.293708 0.304652
11.339339 0.311276
11.384971 0.318987
11.430602 0.323008
11.476233 0.331963
11.521864 0.308672
11.567495 0.319798
11.613126 0.355693
11.658757 0.372619
11.704389 0.397667
11.750020 0.385670
11.795651 0.368805
11.841282 0.416435
11.886913 0.442007
11.932544 0.465233
11.978175 0.529689
12.023807 0.503372
12.069438 0.474274
12.115069 0.502499
12.160700 0.509626
12.206331 0.548860
12.251962 0.554792
12.297593 0.540759
12.343225 0.599589
12.388856 0.646697
12.434487 0.618811
12.480118 0.606566
12.525749 0.631948
12.571380 0.718723
12.617011 0.766260
12.662643 0.834643
12.708274 0.914141
12.753905 0.924811
12.799536 0.956561
12.845167 0.979718
12.890798 0.987201
12.936429 1.023753
12.982061 1.071276
13.027692 1.109634
13.073323 1.090911
13.118954 1.151206
13.164585 1.218823
13.210216 1.243282
13.255847 1.281541
13.301479 1.391713
13.347110 1.475318
13.392741 1.551593
13.438372 1.587137
13.484003 1.606465
13.529634 1.625644
13.575265 1.660736
13.620897 1.714051
13.666528 1.805063
13.712159 1.889133
13.757790 1.863518
13.803421 1.836112
13.849052 1.927345
13.894683 2.068624
13.940315 2.174894
13.985946 2.223273
14.031577 2.249570
14.077208 2.273612
14.122839 2.282559
14.168470 2.286002
14.214102 2.371136
14.259733 2.532644
14.305364 2.648337
14.350995 2.663332
14.396626 2.587129
14.442257 2.596549
14.487888 2.655570
14.533520 2.745048
14.579151 2.794101
14.624782 2.770196
14.670413 2.786750
14.716044 2.808316
14.761675 2.837275
14.807306 2.784824
14.852938 2.772022
14.898569 2.873220
14.944200 2.855669
14.989831 2.878105
15.035462 2.882286
15.081093 2.873418
15.126724 2.806947
15.172356 2.816171
15.217987 2.899814
15.263618 2.910811
15.309249 2.908530
15.354880 3.062601
15.400511 3.094963
15.446142 2.997516
15.491774 2.871868
15.537405 2.651084
15.583036 2.509401
15.628667 2.370100
15.674298 2.290231
15.719929 2.254785
15.765560 2.166046
15.811192 2.114979
15.856823 2.035985
15.902454 2.011136
15.948085 1.969719
15.993716 1.951987
16.039347 1.968396
16.084978 1.838000
16.130610 1.772941
16.176241 1.648933
16.221872 1.550410
16.267503 1.539108
16.313134 1.498156
16.358765 1.432217
16.404396 1.431880
16.450028 1.434437
16.495659 1.402191
16.541290 1.370687
16.586921 1.385834
16.632552 1.351521
16.678183 1.274647
16.723814 1.182012
16.769446 1.061412
16.815077 1.013585
16.860708 1.018498
16.906339 0.972612
16.951970 0.873061
16.997601 0.846061
17.043232 0.860763
17.088864 0.877154
17.134495 0.837773
17.180126 0.790440
17.225757 0.762070
17.271388 0.750624
17.317019 0.699494
17.362650 0.640561
17.408282 0.592414
17.453913 0.567862
17.499544 0.572746
17.545175 0.536377
17.590806 0.486566
17.636437 0.531784
17.682068 0.558420
17.727700 0.570012
17.773331 0.767265
17.818962 1.658818
17.864593 5.213412
17.910224 16.265774
17.955855 26.636929
18.001487 18.795950
18.047118 6.463268
18.092749 1.968123
18.138380 0.760959
18.184011 0.454630
18.229642 0.358741
18.275273 0.302670
18.320905 0.279476
18.366536 0.277881
18.412167 0.275846
18.457798 0.258396
18.503429 0.261809
18.549060 0.308557
18.594691 0.336216
18.640323 0.298740
18.685954 0.227129
18.731585 0.186981
18.777216 0.185616
18.822847 0.183424
18.868478 0.154573
18.914109 0.155251
18.959741 0.150701
19.005372 0.142342
19.051003 0.145480
19.096634 0.138369
19.142265 0.128621
19.187896 0.132338
19.233527 0.124034
19.279159 0.133046
19.324790 0.151352
19.370421 0.169691
19.416052 0.137686
19.461683 0.127631
19.507314 0.170801
19.552945 0.183514
19.598577 0.174301
19.644208 0.157259
19.689839 0.119775
19.735470 0.091514
19.781101 0.095988
19.826732 0.101952
19.872363 0.118325
19.917995 0.119736
19.963626 0.134521
20.009257 0.156824
20.054888 0.133116
20.100519 0.092593
20.146150 0.063956
20.191781 0.057844
20.237413 0.060255
20.283044 0.069089
20.328675 0.067923
20.374306 0.055232
20.419937 0.053057
20.465568 0.060234
20.511199 0.055925
20.556831 0.066848
20.602462 0.074880
20.648093 0.088818
20.693724 0.119702
20.739355 0.122309
20.784986 0.101012
20.830617 0.074508
20.876249 0.056169
20.921880 0.058449
20.967511 0.051655
21.013142 0.044658
21.058773 0.042472
21.104404 0.042653
21.150035 0.039504
21.195667 0.034185
21.241298 0.040310
21.286929 0.047611
21.332560 0.044766
21.378191 0.038328
21.423822 0.040406
21.469453 0.039313
21.515085 0.037897
21.560716 0.035281
21.606347 0.030402
21.651978 0.034220
21.697609 0.042703
21.743240 0.040538
21.788871 0.026881
21.834503 0.034990
21.880134 0.042761
21.925765 0.038726
21.971396 0.035300
22.017027 0.033642
22.062658 0.030542
22.108290 0.023092
22.153921 0.019954
22.199552 0.024864
22.245183 0.028879
22.290814 0.026249
22.336445 0.028823
22.382076 0.026730
22.427708 0.031709
22.473339 0.035356
22.518970 0.030521
22.564601 0.031468
22.610232 0.029274
22.655863 0.022896
22.701494 0.026606
22.747126 0.028164
22.792757 0.028134
22.838388 0.023927
22.884019 0.016707
22.929650 0.015547
22.975281 0.018116
23.020912 0.023794
23.066544 0.024956
23.112175 0.023228
23.157806 0.020410
23.203437 0.018383
23.249068 0.020641
23.294699 0.025242
23.340330 0.023066
23.385962 0.013712
23.431593 0.011131
23.477224 0.014885
23.522855 0.018453
23.568486 0.018842
23.614117 0.020125
23.659748 0.020123
23.705380 0.022824
23.751011 0.022527
23.796642 0.019301
23.842273 0.018617
23.887904 0.015665
23.933535 0.013691
23.979166 0.015196
24.024798 0.016847
24.070429 0.024058
24.116060 0.024718
24.161691 0.023674
24.207322 0.037822
24.252953 0.115091
24.298584 0.376934
24.344216 1.466266
24.389847 5.970000
24.435478 21.657598
24.481109 48.167610
24.526740 41.301426
24.572371 15.890370
24.618002 3.811409
24.663634 0.952823
24.709265 0.234265
24.754896 0.067017
24.800527 0.027260
24.846158 0.019497
24.891789 0.016767
24.937420 0.016752
24.983052 0.020171
25.028683 0.018696
25.074314 0.018575
25.119945 0.015565
25.165576 0.011118
25.211207 0.011547
25.256838 0.010036
25.302470 0.010125
25.348101 0.014110
25.393732 0.018769
25.439363 0.049657
25.484994 0.111283
25.530625 0.311337
25.576256 0.873543
25.621888 2.453976
25.667519 2.397638
25.713150 0.969196
25.758781 0.292002
25.804412 0.092181
25.850043 0.032268
25.895675 0.016048
25.941306 0.011332
25.986937 0.009906
26.032568 0.014658
26.078199 0.056425
26.123830 0.292443
26.169461 1.472141
26.215093 5.828099
26.260724 10.278815
26.306355 7.685085
26.351986 2.430805
26.397617 0.454736
26.443248 0.064598
26.488879 0.009566
26.534511 0.009698
26.580142 0.007551
26.625773 0.008309
26.671404 0.004530
26.717035 0.004100
26.762666 0.006051
26.808297 0.007113
26.853929 0.005671
26.899560 0.005965
26.945191 0.006953
26.990822 0.006765
27.036453 0.008311
27.082084 0.004298
27.127715 0.004398
27.173347 0.005422
27.218978 0.003336
27.264609 0.003901
27.310240 0.005225
27.355871 0.003081
27.401502 0.003741
27.447133 0.004752
27.492765 0.005715
27.538396 0.003959
27.584027 0.002947
27.629658 0.006153
27.675289 0.003768
27.720920 0.002937
27.766551 0.005530
27.812183 0.006228
27.857814 0.005446
27.903445 0.003433
27.949076 0.002837
27.994707 0.005223
28.040338 0.005136
28.085969 0.003759
28.131601 0.006867
28.177232 0.006069
28.222863 0.003531
28.268494 0.003983
28.314125 0.001090
28.359756 0.004147
28.405387 0.006722
28.451019 0.002607
28.496650 0.001928
28.542281 0.003695
28.587912 0.005975
28.633543 0.006727
28.679174 0.003617
28.724805 0.002866
28.770437 0.011709
28.816068 0.089172
28.861699 0.166685
28.907330 0.098638
28.952961 0.016047
28.998592 0.004928
29.044223 0.004480
29.089855 0.004111
29.135486 0.004950
29.181117 0.003696
29.226748 0.003808
29.272379 0.004786
29.318010 0.007618
29.363641 0.009140
29.409273 0.004719
29.454904 0.002930
29.500535 0.005383
29.546166 0.006449
29.591797 0.005906
29.637428 0.007731
29.683059 0.011678
29.728691 0.062349
29.774322 0.305224
29.819953 1.430366
29.865584 6.436954
29.911215 24.315205
29.956846 47.051521
30.002478 40.322681
30.048109 15.072660
30.093740 3.486067
30.139371 0.709539
30.185002 0.121226
30.230633 0.024828
30.276264 0.011214
30.321896 0.004087
30.367527 0.003457
30.413158 0.004172
30.458789 0.004934
30.504420 0.004291
30.550051 0.004402
30.595682 0.006897
30.641314 0.006608
30.686945 0.003042
30.732576 0.002570
30.778207 0.002003
30.823838 0.002625
30.869469 0.011553
30.915100 0.035492
30.960732 0.056520
31.006363 0.039075
31.051994 0.010749
31.097625 0.002337
31.143256 0.002878
31.188887 0.004386
31.234518 0.002905
31.280150 0.001648
31.325781 0.001059
31.371412 0.001812
31.417043 0.001949
31.462674 0.002875
31.508305 0.003381
31.553936 0.002865
31.599568 0.002446
31.645199 0.004146
31.690830 0.008099
31.736461 0.034945
31.782092 0.144271
31.827723 0.203724
31.873354 0.092246
31.918986 0.011243
31.964617 0.003944
32.010248 0.002193
32.055879 0.002574
32.101510 0.003136
32.147141 0.003388
32.192772 0.001694
32.238404 0.001682
32.284035 0.001716
32.329666 0.002123
32.375297 0.002003
32.420928 0.000799
32.466559 0.001106
32.512190 0.001142
32.557822 0.001470
32.603453 0.001679
32.649084 0.002561
32.694715 0.002558
32.740346 0.002088
32.785977 0.002073
32.831608 0.001382
32.877240 0.000402
32.922871 0.000739
32.968502 0.001384
33.014133 0.002181
33.059764 0.002682
33.105395 0.003690
33.151026 0.004594
33.196658 0.001295
33.242289 0.000978
33.287920 0.001330
33.333551 0.000000
33.379182 0.000490
33.424813 0.000887
33.470444 0.001418
33.516076 0.001252
33.561707 0.001688
33.607338 0.002921
33.652969 0.001333
33.698600 0.000400
33.744231 0.001987
33.789862 0.001451
33.835494 0.000688
33.881125 0.001031
33.926756 0.001750
33.972387 0.002326
34.018018 0.001737
34.063649 0.001057
34.109281 0.000341
34.154912 0.000000
34.200543 0.001241
34.246174 0.002001
34.291805 0.001821
34.337436 0.001171
34.383067 0.000771
34.428699 0.001057
34.474330 0.001048
34.519961 0.000943
34.565592 0.001295
34.611223 0.002198
34.656854 0.003269
34.702485 0.004338
34.748117 0.003160
34.793748 0.001832
34.839379 0.000866
34.885010 0.001283
34.930641 0.001949
34.976272 0.002292
35.021903 0.005935
35.067535 0.005025
35.113166 0.001658
35.158797 0.001873
35.204428 0.002012
35.250059 0.001543
35.295690 0.001663
35.341321 0.000942
35.386953 0.001299
35.432584 0.002578
35.478215 0.002555
35.523846 0.001428
35.569477 0.001193
35.615108 0.002702
35.660739 0.012027
35.706371 0.039624
35.752002 0.219431
35.797633 1.296811
35.843264 5.762181
35.888895 15.100402
35.934526 18.174471
35.980157 9.883788
36.025789 2.677472
36.071420 0.510218
36.117051 0.076893
36.162682 0.012237
36.208313 0.002563
36.253944 0.001436
36.299575 0.000192
36.345207 0.001541
36.390838 0.001718
36.436469 0.001859
36.482100 0.001912
36.527731 0.002740
36.573362 0.003189
36.618993 0.001641
36.664625 0.001227
36.710256 0.003126
36.755887 0.002308
36.801518 0.002856
36.847149 0.002838
36.892780 0.001502
36.938411 0.001532
36.984043 0.004033
37.029674 0.003451
37.075305 0.001484
37.120936 0.003619
37.166567 0.003757
37.212198 0.003224
37.257829 0.003963
37.303461 0.003501
37.349092 0.001230
37.394723 0.000649
37.440354 0.000609
37.485985 0.000665
37.531616 0.000793
37.577247 0.000776
37.622879 0.000919
37.668510 0.001804
37.714141 0.002567
37.759772 0.002581
37.805403 0.002312
37.851034 0.004483
37.896666 0.006840
37.942297 0.006221
37.987928 0.003318
38.033559 0.002876
38.079190 0.002143
38.124821 0.001478
38.170452 0.000702
38.216084 0.000783
38.261715 0.002185
38.307346 0.002650
38.352977 0.002256
38.398608 0.002220
38.444239 0.002912
38.489870 0.002814
38.535502 0.003444
38.581133 0.003611
38.626764 0.002718
38.672395 0.002725
38.718026 0.007822
38.763657 0.031118
38.809288 0.140667
38.854920 0.669551
38.900551 3.121792
38.946182 13.213660
38.991813 36.470219
39.037444 50.287971
39.083075 30.866062
39.128706 9.962141
39.174338 2.305777
39.219969 0.477152
39.265600 0.096188
39.311231 0.027371
39.356862 0.012148
39.402493 0.006101
39.448124 0.003642
39.493756 0.003414
39.539387 0.003438
39.585018 0.001748
39.630649 0.002858
39.676280 0.003146
39.721911 0.002726
39.767542 0.003340
39.813174 0.002224
39.858805 0.002486
39.904436 0.003113
39.950067 0.003475
39.995698 0.003378
40.041329 0.013538
40.086960 0.049288
40.132592 0.196413
40.178223 0.506821
40.223854 0.687302
40.269485 0.431848
40.315116 0.219040
40.360747 0.381793
40.406378 0.708809
40.452010 0.516559
40.497641 0.130287
40.543272 0.012837
40.588903 0.002113
40.634534 0.000978
40.680165 0.001474
40.725796 0.002360
40.771428 0.002471
40.817059 0.002834
40.862690 0.001720
40.908321 0.001226
40.953952 0.001856
40.999583 0.001150
41.045214 0.002109
41.090846 0.002171
41.136477 0.024514
41.182108 0.219325
41.227739 0.875363
41.273370 1.733361
41.319001 2.785171
41.364632 3.660913
41.410264 2.422344
41.455895 0.690461
41.501526 0.109348
41.547157 0.013511
41.592788 0.002894
41.638419 0.002876
41.684050 0.002509
41.729682 0.002948
41.775313 0.002919
41.820944 0.002413
41.866575 0.002328
41.912206 0.002472
41.957837 0.002122
42.003469 0.001483
42.049100 0.002150
42.094731 0.003973
42.140362 0.002543
42.185993 0.001212
42.231624 0.002251
42.277255 0.003104
42.322887 0.001935
42.368518 0.002264
42.414149 0.002414
42.459780 0.003194
42.505411 0.002060
42.551042 0.001464
42.596673 0.003095
42.642305 0.002268
42.687936 0.002052
42.733567 0.002483
42.779198 0.002647
42.824829 0.004709
42.870460 0.003216
42.916091 0.003700
42.961723 0.003750
43.007354 0.003724
43.052985 0.003050
43.098616 0.002072
43.144247 0.002978
43.189878 0.002915
43.235509 0.004110
43.281141 0.004913
43.326772 0.004733
43.372403 0.003264
43.418034 0.002593
43.463665 0.003734
43.509296 0.006853
43.554927 0.004623
43.600559 0.002919
43.646190 0.012239
43.691821 0.045437
43.737452 0.092166
43.783083 0.097223
43.828714 0.053381
43.874345 0.019031
43.919977 0.008654
43.965608 0.004850
44.011239 0.002350
44.056870 0.001538
44.102501 0.002152
44.148132 0.002332
44.193763 0.003136
44.239395 0.012835
44.285026 0.027476
44.330657 0.129638
44.376288 0.809449
44.421919 3.930781
44.467550 11.111725
44.513181 14.776326
44.558813 9.114454
44.604444 2.664186
44.650075 0.470842
44.695706 0.050932
44.741337 0.004745
44.786968 0.002716
44.832599 0.002481
44.878231 0.001239
44.923862 0.001626
44.969493 0.002519
45.015124 0.003185
45.060755 0.003844
45.106386 0.003840
45.152017 0.003642
45.197649 0.003714
45.243280 0.015028
45.288911 0.079071
45.334542 0.380171
45.380173 1.832821
45.425804 7.309624
45.471435 18.449051
45.517067 24.079370
45.562698 14.679215
45.608329 4.860715
45.653960 1.105591
45.699591 0.224127
45.745222 0.065178
45.790854 0.023787
45.836485 0.005238
45.882116 0.001564
45.927747 0.001202
45.973378 0.001221
46.019009 0.001777
46.064640 0.001633
46.110272 0.002581
46.155903 0.001812
46.201534 0.002144
46.247165 0.002668
46.292796 0.002583
46.338427 0.002921
46.384058 0.002459
46.429690 0.002974
46.475321 0.003757
46.520952 0.003812
46.566583 0.003176
46.612214 0.002506
46.657845 0.002771
46.703476 0.028609
46.749108 0.155920
46.794739 0.258891
46.840370 0.141956
46.886001 0.023175
46.931632 0.002665
46.977263 0.002846
47.022894 0.003349
47.068526 0.003516
47.114157 0.001561
47.159788 0.000843
47.205419 0.002056
47.251050 0.003404
47.296681 0.002438
47.342312 0.001517
47.387944 0.001131
47.433575 0.001789
47.479206 0.002123
47.524837 0.001531
47.570468 0.001115
47.616099 0.001075
47.661730 0.001013
47.707362 0.001367
47.752993 0.001329
47.798624 0.001340
47.844255 0.001300
47.889886 0.002488
47.935517 0.001383
47.981148 0.001107
48.026780 0.001580
48.072411 0.002071
48.118042 0.001661
48.163673 0.000273
48.209304 0.000422
48.254935 0.001646
48.300566 0.001436
48.346198 0.001547
48.391829 0.000960
48.437460 0.000499
48.483091 0.001314
48.528722 0.001234
48.574353 0.000991
48.619984 0.000404
48.665616 0.000889
48.711247 0.001579
48.756878 0.001532
48.802509 0.000916
48.848140 0.001270
48.893771 0.022666
48.939402 0.138201
48.985034 0.425698
49.030665 0.450812
49.076296 0.212391
49.121927 0.031345
49.167558 0.004768
49.213189 0.002399
49.258820 0.001794
49.304452 0.001821
49.350083 0.001525
49.395714 0.001392
49.441345 0.001689
49.486976 0.001500
49.532607 0.000913
49.578238 0.001489
49.623870 0.001291
49.669501 0.000388
49.715132 0.000475
49.760763 0.000860
49.806394 0.000788
49.852025 0.001546
49.897657 0.001898
49.943288 0.002106
49.988919 0.001107
50.034550 0.000355
50.080181 0.002549
50.125812 0.003899
50.171443 0.002927
50.217075 0.006159
50.262706 0.043214
50.308337 0.306623
50.353968 1.647166
50.399599 5.092451
50.445230 8.183885
50.490861 6.408064
50.536493 2.781659
50.582124 2.340817
50.627755 4.237773
50.673386 4.445757
50.719017 2.163127
50.764648 0.496680
50.810279 0.063576
50.855911 0.006489
50.901542 0.002654
50.947173 0.002447
50.992804 0.000596
51.038435 0.001602
51.084066 0.002063
51.129697 0.001154
51.175329 0.000947
51.220960 0.000951
51.266591 0.001241
51.312222 0.001228
51.357853 0.001144
51.403484 0.001531
51.449115 0.001766
51.494747 0.002761
51.540378 0.002627
51.586009 0.001774
51.631640 0.000981
51.677271 0.001086
51.722902 0.001044
51.768533 0.001486
51.814165 0.000736
51.859796 0.000600
51.905427 0.000943
51.951058 0.000965
51.996689 0.000847
52.042320 0.000541
52.087951 0.000242
52.133583 0.000348
52.179214 0.000255
52.224845 0.000737
52.270476 0.001418
52.316107 0.029565
52.361738 0.108863
52.407369 0.208403
52.453001 0.453785
52.498632 1.465329
52.544263 2.620955
52.589894 2.239016
52.635525 0.892072
52.681156 0.198693
52.726787 0.036442
52.772419 0.004325
52.818050 0.000268
52.863681 0.000427
52.909312 0.000233
52.954943 0.000392
53.000574 0.000267
53.046205 0.000172
53.091837 0.001425
53.137468 0.001225
53.183099 0.000432
53.228730 0.000386
53.274361 0.000396
53.319992 0.000102
53.365623 0.000238
53.411255 0.000342
53.456886 0.000074
53.502517 0.000000
53.548148 0.000000
53.593779 0.000316
53.639410 0.000969
53.685041 0.000482
53.730673 0.000287
53.776304 0.004581
53.821935 0.029014
53.867566 0.096800
53.913197 0.123260
53.958828 0.059327
54.004460 0.007935
54.050091 0.000763
54.095722 0.000779
54.141353 0.000017
54.186984 0.000124
54.232615 0.000400
54.278246 0.000367
54.323878 0.002746
54.369509 0.034400
54.415140 0.313756
54.460771 0.994442
54.506402 1.404514
54.552033 0.851790
54.597664 0.208471
54.643296 0.018263
54.688927 0.000337
54.734558 0.000000
54.780189 0.000137
54.825820 0.002340
54.871451 0.016612
54.917082 0.026227
54.962714 0.010114
55.008345 0.000728
55.053976 0.000359
55.099607 0.000679
55.145238 0.000650
55.190869 0.001386
55.236500 0.010714
55.282132 0.017806
55.327763 0.012031
55.373394 0.004495
55.419025 0.064705
55.464656 0.419691
55.510287 1.349194
55.555918 1.987693
55.601550 1.877350
55.647181 1.074096
55.692812 0.380990
55.738443 0.052296
55.784074 0.004494
55.829705 0.000000
55.875336 0.000000
55.920968 0.000000
55.966599 0.000000
56.012230 0.000155
56.057861 0.000360
56.103492 0.000171
56.149123 0.000000
56.194754 0.000000
56.240386 0.000091
56.286017 0.000426
56.331648 0.000228
56.377279 0.000000
56.422910 0.000000
56.468541 0.000000
56.514172 0.000000
56.559804 0.000000
56.605435 0.000000
56.651066 0.000000
56.696697 0.001136
56.742328 0.043005
56.787959 0.384526
56.833590 1.520102
56.879222 2.739597
56.924853 2.285528
56.970484 0.863735
57.016115 0.151452
57.061746 0.011291
57.107377 0.003558
57.153008 0.002674
57.198640 0.000000
57.244271 0.000000
57.289902 0.000743
57.335533 0.000597
57.381164 0.000055
57.426795 0.000333
57.472426 0.000220
57.518058 0.000000
57.563689 0.004567
57.609320 0.020791
57.654951 0.117004
57.700582 0.421135
57.746213 0.651389
57.791845 0.470190
57.837476 0.188711
57.883107 0.330689
57.928738 1.308664
57.974369 2.526364
58.020000 2.353214
58.065631 0.974942
58.111263 0.204584
58.156894 0.023344
58.202525 0.001214
58.248156 0.000180
58.293787 0.000683
58.339418 0.000382
58.385049 0.000081
58.430681 0.000357
58.476312 0.000232
58.521943 0.000000
58.567574 0.000000
58.613205 0.000000
58.658836 0.000000
58.704467 0.000000
58.750099 0.000000
58.795730 0.000000
58.841361 0.000000
58.886992 0.000000
58.932623 0.000000
58.978254 0.000000
59.023885 0.000000
59.069517 0.000000
59.115148 0.000000
59.160779 0.000000
59.206410 0.000000
59.252041 0.000304
59.297672 0.001417
59.343303 0.006154
59.388935 0.012346
59.434566 0.013882
59.480197 0.007500
59.525828 0.002017
59.571459 0.008038
59.617090 0.013180
59.662721 0.005998
59.708353 0.013012
59.753984 0.027745
59.799615 0.075275
59.845246 0.462153
59.890877 2.169576
59.936508 5.464188
59.982139 6.841613
60.027771 4.476295
60.073402 1.387258
60.119033 0.281346
60.164664 0.037030
60.210295 0.003914
60.255926 0.001076
60.301557 0.000271
60.347189 0.000000
60.392820 0.000000
60.438451 0.000000
60.484082 0.000000
60.529713 0.000000
60.575344 0.000000
60.620975 0.000000
60.666607 0.000000
60.712238 0.000000
60.757869 0.000000
60.803500 0.000000
60.849131 0.000000
60.894762 0.000000
60.940393 0.000000
60.986025 0.000000
61.031656 0.000000
61.077287 0.000034
61.122918 0.000832
61.168549 0.000391
61.214180 0.000079
61.259811 0.000731
61.305443 0.009109
61.351074 0.065694
61.396705 0.254212
61.442336 0.424937
61.487967 0.324494
61.533598 0.110983
61.579229 0.012553
61.624861 0.000029
61.670492 0.000000
61.716123 0.000074
61.761754 0.000350
61.807385 0.000215
61.853016 0.000000
61.898648 0.000000
61.944279 0.000000
61.989910 0.000000
62.035541 0.000000
62.081172 0.000000
62.126803 0.000000
62.172434 0.000077
62.218066 0.000312
62.263697 0.000200
62.309328 0.000029
62.354959 0.000370
62.400590 0.000250
62.446221 0.003780
62.491852 0.037896
62.537484 0.282965
62.583115 1.380561
62.628746 3.871061
62.674377 5.533085
62.720008 4.017908
62.765639 1.410929
62.811270 0.255275
62.856902 0.027861
62.902533 0.000873
62.948164 0.000000
62.993795 0.000000
63.039426 0.000000
63.085057 0.000000
63.130688 0.000000
63.176320 0.000000
63.221951 0.000000
63.267582 0.000000
63.313213 0.000503
63.358844 0.005756
63.404475 0.015194
63.450106 0.019796
63.495738 0.010762
63.541369 0.013514
63.587000 0.099340
63.632631 0.322261
63.678262 0.484423
63.723893 0.367211
63.769524 0.128979
63.815156 0.019752
63.860787 0.001680
63.906418 0.000000
63.952049 0.000338
63.997680 0.000740
64.043311 0.000715
64.088942 0.000020
64.134574 0.000000
64.180205 0.000697
64.225836 0.005139
64.271467 0.012502
64.317098 0.006537
64.362729 0.000251
64.408360 0.000749
64.453992 0.000302
64.499623 0.000000
64.545254 0.000000
64.590885 0.000000
64.636516 0.000000
64.682147 0.000304
64.727778 0.000366
64.773410 0.000679
64.819041 0.000671
64.864672 0.000000
64.910303 0.000000
64.955934 0.000000
65.001565 0.000000
65.047196 0.000000
65.092828 0.000000
65.138459 0.000000
65.184090 0.000000
65.229721 0.000108
65.275352 0.000380
65.320983 0.000212
65.366614 0.000000
65.412246 0.000000
65.457877 0.000000
65.503508 0.000000
65.549139 0.000000
65.594770 0.000000
65.640401 0.000000
65.686033 0.000000
65.731664 0.000000
65.777295 0.000000
65.822926 0.000000
65.868557 0.000000
65.914188 0.000000
65.959819 0.000000
66.005451 0.001871
66.051082 0.001704
66.096713 0.000401
66.142344 0.000130
66.187975 0.000057
66.233606 0.006354
66.279237 0.022450
66.324869 0.029782
66.370500 0.014275
66.416131 0.007817
66.461762 0.009067
66.507393 0.003893
66.553024 0.000070
66.598655 0.000000
66.644287 0.000000
66.689918 0.000000
66.735549 0.002581
66.781180 0.051381
66.826811 0.284296
66.872442 0.732970
66.918073 0.856171
66.963705 0.502791
67.009336 0.228280
67.054967 0.136403
67.100598 0.068152
67.146229 0.018339
67.191860 0.001057
67.237491 0.000000
67.283123 0.000000
67.328754 0.000000
67.374385 0.000000
67.420016 0.000000
67.465647 0.000000
67.511278 0.000000
67.556909 0.000000
67.602541 0.000000
67.648172 0.000000
67.693803 0.000000
67.739434 0.000000
67.785065 0.000000
67.830696 0.000000
67.876327 0.000000
67.921959 0.000000
67.967590 0.001363
68.013221 0.017475
68.058852 0.113057
68.104483 0.247880
68.150114 0.243421
68.195745 0.112111
68.241377 0.017209
68.287008 0.000703
68.332639 0.000000
68.378270 0.000000
68.423901 0.000000
68.469532 0.000000
68.515163 0.000000
68.560795 0.000000
68.606426 0.000000
68.652057 0.000000
68.697688 0.001025
68.743319 0.041431
68.788950 0.305016
68.834581 1.015197
68.880213 1.686195
68.925844 1.493246
68.971475 0.834351
69.017106 0.755354
69.062737 1.036664
69.108368 0.863672
69.153999 0.352956
69.199631 0.070361
69.245262 0.005211
69.290893 0.000000
69.336524 0.000038
69.382155 0.005895
69.427786 0.098466
69.473417 0.447377
69.519049 0.965906
69.564680 1.007221
69.610311 0.488968
69.655942 0.094669
69.701573 0.005254
69.747204 0.000000
69.792836 0.000000
69.838467 0.000000
69.884098 0.000000
69.929729 0.000000
69.975360 0.000000
70.020991 0.000000
70.066622 0.000000
70.112254 0.000000
70.157885 0.000000
70.203516 0.000000
70.249147 0.000000
70.294778 0.000000
70.340409 0.004161
70.386040 0.014914
70.431672 0.017537
70.477303 0.008312
70.522934 0.000999
70.568565 0.000000
70.614196 0.000000
70.659827 0.000000
70.705458 0.000000
70.751090 0.000000
70.796721 0.000000
70.842352 0.000005
70.887983 0.011238
70.933614 0.088521
70.979245 0.289398
71.024876 0.428898
71.070508 0.285396
71.116139 0.074231
71.161770 0.003811
71.207401 0.000000
71.253032 0.000000
71.298663 0.000000
71.344294 0.000000
71.389926 0.000000
71.435557 0.000000
71.481188 0.000000
71.526819 0.000000
71.572450 0.000000
71.618081 0.000000
71.663712 0.000000
71.709344 0.000284
71.754975 0.009668
71.800606 0.105021
71.846237 0.336452
71.891868 0.491423
71.937499 0.358124
71.983130 0.118154
72.028762 0.013906
72.074393 0.000649
72.120024 0.000000
72.165655 0.000000
72.211286 0.000000
72.256917 0.000000
72.302548 0.000000
72.348180 0.000000
72.393811 0.000000
72.439442 0.000000
72.485073 0.000000
72.530704 0.000000
72.576335 0.000000
72.621966 0.000000
72.667598 0.002017
72.713229 0.061356
72.758860 0.478256
72.804491 1.735112
72.850122 3.371792
72.895753 3.741745
72.941384 2.263811
72.987016 0.717217
73.032647 0.122158
73.078278 0.008849
73.123909 0.000180
73.169540 0.000000
73.215171 0.000000
73.260802 0.000000
73.306434 0.000000
73.352065 0.000314
73.397696 0.013365
73.443327 0.105164
73.488958 0.410155
73.534589 0.740453
73.580220 0.661981
73.625852 0.290731
73.671483 0.055696
73.717114 0.002620
73.762745 0.017062
73.808376 0.144670
73.854007 0.486946
73.899639 0.796585
73.945270 0.649599
73.990901 0.267025
74.036532 0.057461
74.082163 0.003775
74.127794 0.001864
74.173425 0.005506
74.219057 0.009123
74.264688 0.005677
74.310319 0.005900
74.355950 0.010942
74.401581 0.007059
74.447212 0.001316
74.492843 0.000000
74.538475 0.000000
74.584106 0.000000
74.629737 0.000000
74.675368 0.000000
74.720999 0.000000
74.766630 0.000000
74.812261 0.000000
74.857893 0.000000
74.903524 0.000000
74.949155 0.000000
74.994786 0.000000
75.040417 0.000000
75.086048 0.000000
75.131679 0.018414
75.177311 0.174733
75.222942 0.814680
75.268573 1.926812
75.314204 2.466470
75.359835 1.742193
75.405466 0.630976
75.451097 0.088334
75.496729 0.002309
75.542360 0.000000
75.587991 0.000000
75.633622 0.000000
75.679253 0.000000
75.724884 0.000000
75.770515 0.000074
75.816147 0.001350
75.861778 0.002040
75.907409 0.000775
75.953040 0.000000
75.998671 0.000000
76.044302 0.000000
76.089933 0.000000
76.135565 0.000772
76.181196 0.000952
76.226827 0.000017
76.272458 0.000000
76.318089 0.000000
76.363720 0.000000
76.409351 0.000000
76.454983 0.000435
76.500614 0.005313
76.546245 0.010831
76.591876 0.005961
76.637507 0.000168
76.683138 0.001557
76.728769 0.033634
76.774401 0.150950
76.820032 0.276232
76.865663 0.235327
76.911294 0.081234
76.956925 0.008311
77.002556 0.000033
77.048187 0.000000
77.093819 0.000000
77.139450 0.000000
77.185081 0.000000
77.230712 0.000000
77.276343 0.000844
77.321974 0.018318
77.367605 0.124031
77.413237 0.396357
77.458868 0.663421
77.504499 0.591045
77.550130 0.244818
77.595761 0.033121
77.641392 0.001236
77.687024 0.000000
77.732655 0.000000
77.778286 0.000000
77.823917 0.000000
77.869548 0.000000
77.915179 0.000000
77.960810 0.000000
78.006442 0.000000
78.052073 0.000000
78.097704 0.002764
78.143335 0.034438
78.188966 0.199299
78.234597 0.562921
78.280228 0.839323
78.325860 0.741080
78.371491 0.667603
78.417122 0.936646
78.462753 1.113604
78.508384 0.783658
78.554015 0.299499
78.599646 0.070383
78.645278 0.013015
78.690909 0.002866
78.736540 0.040825
78.782171 0.225978
78.827802 0.600027
78.873433 0.787394
78.919064 0.558938
78.964696 0.210500
79.010327 0.031189
79.055958 0.000604
79.101589 0.000000
79.147220 0.000000
79.192851 0.000000
79.238482 0.000000
79.284114 0.000000
79.329745 0.000000
79.375376 0.000000
79.421007 0.000000
79.466638 0.000000
79.512269 0.000000
79.557900 0.000000
79.603532 0.000000
79.649163 0.000000
79.694794 0.000000
79.740425 0.000000
79.786056 0.000000
79.831687 0.000000
79.877318 0.000000
79.922950 0.000000
79.968581 0.001441
80.014212 0.002719
80.059843 0.001207
80.105474 0.000000
80.151105 0.000000
80.196736 0.000000
80.242368 0.000000
80.287999 0.000798
80.333630 0.007990
80.379261 0.025329
80.424892 0.042514
80.470523 0.027138
80.516154 0.002370
80.561786 0.000000
80.607417 0.000000
80.653048 0.000000
80.698679 0.000000
80.744310 0.000000
80.789941 0.004329
80.835572 0.010850
80.881204 0.010359
80.926835 0.006372
80.972466 0.002937
81.018097 0.000275
81.063728 0.000000
81.109359 0.000000
81.154990 0.000000
81.200622 0.000000
81.246253 0.000000
81.291884 0.000000
81.337515 0.000000
81.383146 0.000000
81.428777 0.000000
81.474408 0.000000
81.520040 0.000000
81.565671 0.000000
81.611302 0.000000
81.656933 0.001675
81.702564 0.033536
81.748195 0.189043
81.793827 0.482108
81.839458 0.625426
81.885089 0.441803
81.930720 0.219863
81.976351 0.112504
82.021982 0.044456
82.067613 0.008881
82.113245 0.000000
82.158876 0.000000
82.204507 0.000000
82.250138 0.000000
82.295769 0.000000
82.341400 0.000000
82.387031 0.000000
82.432663 0.000000
82.478294 0.024337
82.523925 0.144822
82.569556 0.300526
82.615187 0.298009
82.660818 0.160280
82.706449 0.077010
82.752081 0.109873
82.797712 0.141971
82.843343 0.093288
82.888974 0.020029
82.934605 0.000000
82.980236 0.000000
83.025867 0.000000
83.071499 0.000000
83.117130 0.002034
83.162761 0.002541
83.208392 0.007343
83.254023 0.005880
83.299654 0.000000
83.345285 0.000000
83.390917 0.000000
83.436548 0.000000
83.482179 0.000000
83.527810 0.000000
83.573441 0.000000
83.619072 0.000000
83.664703 0.000000
83.710335 0.001722
83.755966 0.003087
83.801597 0.006222
83.847228 0.015831
83.892859 0.021824
83.938490 0.050537
83.984121 0.091709
84.029753 0.114478
84.075384 0.085518
84.121015 0.027685
84.166646 0.003081
84.212277 0.000000
84.257908 0.000000
84.303539 0.000000
84.349171 0.000000
84.394802 0.002616
84.440433 0.006504
84.486064 0.002785
84.531695 0.000000
84.577326 0.000000
84.622957 0.007050
84.668589 0.014553
84.714220 0.006998
84.759851 0.000896
84.805482 0.023873
84.851113 0.036704
84.896744 0.016247
84.942375 0.001757
84.988007 0.000000
85.033638 0.000000
85.079269 0.001632
85.124900 0.004413
85.170531 0.002019
85.216162 0.000000
85.261793 0.000000
85.307425 0.000000
85.353056 0.000000
85.398687 0.000000
85.444318 0.000000
85.489949 0.000000
85.535580 0.000000
85.581212 0.000000
85.626843 0.000000
85.672474 0.000000
85.718105 0.000000
85.763736 0.000000
85.809367 0.000000
85.854998 0.000393
85.900630 0.006542
85.946261 0.005063
85.991892 0.000000
86.037523 0.000000
86.083154 0.000000
86.128785 0.000000
86.174416 0.001945
86.220048 0.005916
86.265679 0.002953
86.311310 0.000000
86.356941 0.000000
86.402572 0.000000
86.448203 0.000000
86.493834 0.000000
86.539466 0.000000
86.585097 0.007301
86.630728 0.064032
86.676359 0.144890
86.721990 0.205651
86.767621 0.300066
86.813252 0.508759
86.858884 0.659753
86.904515 0.458605
86.950146 0.143707
86.995777 0.022540
87.041408 0.000000
87.087039 0.000000
87.132670 0.000000
87.178302 0.000000
87.223933 0.000000
87.269564 0.000000
87.315195 0.000000
87.360826 0.000000
87.406457 0.000000
87.452088 0.000000
87.497720 0.000000
87.543351 0.000000
87.588982 0.000000
87.634613 0.000000
87.680244 0.000000
87.725875 0.000000
87.771506 0.000000
87.817138 0.000000
87.862769 0.000000
87.908400 0.000000
87.954031 0.000000
87.999662 0.000000
88.045293 0.000000
88.090924 0.000000
88.136556 0.000000
88.182187 0.000000
88.227818 0.000000
88.273449 0.000000
88.319080 0.000000
88.364711 0.000000
88.410342 0.000000
88.455974 0.000000
88.501605 0.000000
88.547236 0.000000
88.592867 0.000000
88.638498 0.000000
88.684129 0.000000
88.729760 0.000000
88.775392 0.000000
88.821023 0.000000
88.866654 0.000000
88.912285 0.000000
88.957916 0.000000
89.003547 0.000000
89.049178 0.000000
89.094810 0.000000
89.140441 0.000000
89.186072 0.000000
89.231703 0.000000
89.277334 0.000000
89.322965 0.000000
89.368596 0.000000
89.414228 0.000000
89.459859 0.000000
89.505490 0.000000
89.551121 0.000000
89.596752 0.000000
89.642383 0.000000
89.688015 0.000000
89.733646 0.000000
89.779277 0.000000
89.824908 0.000000
89.870539 0.000000
89.916170 0.000000
89.961801 0.000000
90.007433 0.000000
90.053064 0.000000
90.098695 0.000000
90.144326 0.000000
90.189957 0.000000
90.235588 0.000000
90.281219 0.000000
90.326851 0.000000
90.372482 0.000000
90.418113 0.000000
90.463744 0.000000
90.509375 0.000000
90.555006 0.000000
90.600637 0.000000
90.646269 0.000000
90.691900 0.000000
90.737531 0.000000
90.783162 0.000000
90.828793 0.000000
90.874424 0.000000
90.920055 0.000000
90.965687 0.000000
91.011318 0.000000
91.056949 0.000000
91.102580 0.000000
91.148211 0.000000
91.193842 0.000000
91.239473 0.000000
